1772976079.345990419 -0.005340 0.011410 -0.008069 -0.004714 -0.001054 -0.001932 0.999986
1772976079.445983887 -0.004046 0.011458 -0.006726 -0.005081 -0.001549 -0.002175 0.999984
1772976079.546151876 -0.004797 0.011456 -0.007927 -0.004309 -0.000886 -0.002032 0.999988
1772976079.646120548 -0.004807 0.011613 -0.006987 -0.004907 -0.001249 -0.001903 0.999985
1772976079.746116400 -0.005263 0.010693 -0.007507 -0.004658 -0.001010 -0.001678 0.999987
1772976079.846126318 -0.005242 0.010544 -0.007431 -0.004727 -0.001752 -0.001790 0.999986
1772976079.946145773 -0.005120 0.010641 -0.007251 -0.004724 -0.000818 -0.001880 0.999987
1772976080.046278954 -0.005210 0.011209 -0.006206 -0.004806 -0.001261 -0.002168 0.999985
1772976080.146310568 -0.004883 0.011325 -0.006774 -0.004652 -0.000841 -0.002056 0.999987
1772976080.246140003 -0.005039 0.011247 -0.007023 -0.004528 -0.001090 -0.002015 0.999987
1772976080.345982790 -0.005780 0.011691 -0.006916 -0.004808 -0.001426 -0.001851 0.999986
1772976080.445990801 -0.006117 0.010937 -0.007930 -0.004698 -0.001089 -0.001794 0.999987
1772976080.545909643 -0.006010 0.011409 -0.007964 -0.004700 -0.000998 -0.001888 0.999987
1772976080.646072865 -0.005399 0.011665 -0.007597 -0.004658 -0.001059 -0.002015 0.999987
1772976080.745984077 -0.004826 0.011716 -0.007136 -0.004739 -0.001062 -0.001998 0.999986
1772976080.846033573 -0.004271 0.011149 -0.007366 -0.004617 -0.001358 -0.001904 0.999987
1772976080.946063757 -0.005193 0.010634 -0.008036 -0.004425 -0.000872 -0.001885 0.999988
1772976081.046157360 -0.005383 0.011008 -0.007318 -0.004973 -0.000924 -0.001596 0.999986
1772976081.145931244 -0.005105 0.010877 -0.007774 -0.004595 -0.001103 -0.001821 0.999987
1772976081.245902777 -0.004745 0.011059 -0.007327 -0.004684 -0.001358 -0.001902 0.999986
1772976081.345958710 -0.004284 0.010979 -0.007016 -0.004788 -0.000694 -0.001982 0.999986
1772976081.445907593 -0.004353 0.011246 -0.006870 -0.004698 -0.000913 -0.001815 0.999987
1772976081.545719385 -0.004321 0.010958 -0.007136 -0.004682 -0.001009 -0.001839 0.999987
1772976081.645809650 -0.005246 0.010720 -0.007729 -0.004585 -0.001178 -0.001697 0.999987
1772976081.745621443 -0.005180 0.010869 -0.007210 -0.004816 -0.001394 -0.001762 0.999986
1772976081.845622301 -0.004423 0.010873 -0.007808 -0.004598 -0.001170 -0.001833 0.999987
1772976081.945803404 -0.004042 0.011540 -0.007785 -0.004768 -0.001240 -0.002006 0.999986
1772976082.046049833 -0.003897 0.011755 -0.008158 -0.004319 -0.000821 -0.002054 0.999988
1772976082.145987511 -0.004412 0.011769 -0.007564 -0.004589 -0.001431 -0.002003 0.999986
1772976082.245980263 -0.005193 0.010879 -0.007267 -0.004536 -0.001162 -0.001969 0.999987
1772976082.345976114 -0.005600 0.010805 -0.007083 -0.004874 -0.001339 -0.001585 0.999986
1772976082.445939541 -0.005337 0.010969 -0.007234 -0.004726 -0.001062 -0.001926 0.999986
1772976082.545811415 -0.004675 0.010954 -0.007358 -0.004729 -0.000849 -0.001916 0.999987
1772976082.645770311 -0.004564 0.010957 -0.007648 -0.004904 -0.000600 -0.001952 0.999986
1772976082.745549202 -0.004693 0.010150 -0.007074 -0.004585 -0.000523 -0.001712 0.999988
1772976082.845403194 -0.004792 0.010188 -0.006399 -0.004736 -0.001387 -0.001687 0.999986
1772976082.945408106 -0.005234 0.009925 -0.007045 -0.004692 -0.000997 -0.001626 0.999987
1772976083.045603037 -0.005127 0.010563 -0.006981 -0.004677 -0.001392 -0.001792 0.999986
1772976083.145805120 -0.004697 0.010560 -0.006853 -0.004745 -0.001220 -0.001850 0.999986
1772976083.245916367 -0.004064 0.010659 -0.007630 -0.004498 -0.001196 -0.001854 0.999987
1772976083.345906019 -0.004306 0.011001 -0.008159 -0.004474 -0.000814 -0.001853 0.999988
1772976083.445861816 -0.004830 0.010832 -0.007597 -0.004647 -0.000918 -0.001550 0.999988
1772976083.545884609 -0.004812 0.011038 -0.007231 -0.004682 -0.001308 -0.001461 0.999987
1772976083.646040916 -0.005244 0.010387 -0.007601 -0.004765 -0.001027 -0.001610 0.999987
1772976083.746289015 -0.005116 0.010930 -0.007316 -0.004536 -0.001439 -0.001866 0.999987
1772976083.846138477 -0.004786 0.010922 -0.007212 -0.004727 -0.001456 -0.002005 0.999986
1772976083.946106434 -0.005190 0.011248 -0.006600 -0.004703 -0.000557 -0.001919 0.999987
1772976084.045882463 -0.007414 0.010984 -0.005842 -0.005266 0.000132 -0.001947 0.999984
1772976084.145784616 -0.010365 0.011674 -0.007356 -0.003666 -0.003059 -0.001756 0.999987
1772976084.245785952 0.010763 0.012770 -0.003734 -0.001686 -0.004026 -0.004138 0.999982
1772976084.345707178 0.049828 0.010851 -0.002566 -0.003845 -0.003243 -0.006099 0.999969
1772976084.445558548 0.104484 -0.000744 -0.010181 -0.002652 -0.001363 -0.008559 0.999959
1772976084.545256376 0.160257 0.007730 -0.013226 -0.007116 -0.000975 -0.005506 0.999959
1772976084.645156384 0.198893 0.013645 -0.019124 0.007764 -0.000798 0.001783 0.999968
1772976084.745479822 0.241754 0.009674 -0.016018 0.019298 0.001446 0.004936 0.999801
1772976084.845901489 0.292142 0.003017 -0.022981 0.021184 0.005047 0.006216 0.999744
1772976084.946294069 0.339149 0.012661 -0.018338 0.013556 0.001272 -0.001490 0.999906
1772976085.046346664 0.383702 0.020881 -0.009822 0.007357 0.000303 0.001444 0.999972
1772976085.146623373 0.428136 0.025462 -0.005824 -0.005699 -0.004392 -0.004812 0.999963
1772976085.246453524 0.475144 0.031972 -0.003059 -0.010986 0.001410 -0.004355 0.999929
1772976085.346151829 0.521816 0.033072 0.007114 -0.005375 0.001528 0.005621 0.999969
1772976085.445858002 0.567260 0.030686 0.009987 0.001767 -0.004474 0.008463 0.999953
1772976085.545717239 0.614066 0.026957 0.004029 0.004106 -0.004716 0.012103 0.999907
1772976085.645778894 0.665043 0.024480 -0.002969 0.007320 -0.006607 0.011663 0.999883
1772976085.745812178 0.711160 0.032291 0.010439 -0.007470 -0.010240 0.008052 0.999887
1772976085.845879316 0.759728 0.035210 0.012269 -0.007825 -0.010672 0.007883 0.999881
1772976085.946083307 0.807129 0.038950 0.011394 -0.016667 -0.013918 0.002924 0.999760
1772976086.045819044 0.858437 0.039699 0.013199 -0.011466 -0.003039 0.009677 0.999883
1772976086.145698309 0.905590 0.042480 0.023899 -0.007724 -0.006479 0.013730 0.999855
1772976086.245796919 0.948856 0.050626 0.025781 0.002873 -0.013026 0.021248 0.999685
1772976086.345763445 0.993530 0.054359 0.017239 0.001746 -0.007650 0.022834 0.999708
1772976086.445962191 1.020342 0.063381 0.012659 0.001065 -0.000103 0.028587 0.999591
1772976086.546391964 1.025646 0.066665 0.013316 -0.000547 -0.000541 0.027811 0.999613
1772976086.646623373 1.022447 0.066103 0.012605 0.000396 -0.002065 0.027959 0.999607
1772976086.746916294 1.019013 0.062645 0.014400 0.001832 -0.003109 0.026086 0.999653
1772976086.847619534 1.021706 0.050526 0.020347 0.002249 -0.003254 -0.011948 0.999921
1772976086.947890282 1.023698 0.040660 0.024968 0.003991 -0.003314 -0.049478 0.998762
1772976087.047886610 1.028143 0.030897 0.027212 -0.001758 -0.005070 -0.086725 0.996218
1772976087.147235870 1.032916 0.021253 0.026163 -0.008063 -0.004838 -0.123999 0.992238
1772976087.246498585 1.035849 0.011057 0.026404 -0.014603 -0.002433 -0.160269 0.986962
1772976087.346054792 1.037153 -0.001297 0.028834 -0.020217 -0.001601 -0.197820 0.980029
1772976087.445593596 1.036564 -0.014283 0.029914 -0.021435 -0.002486 -0.235244 0.971697
1772976087.545372248 1.035277 -0.026195 0.028680 -0.027522 -0.002931 -0.273302 0.961530
1772976087.645107031 1.028612 -0.038841 0.023608 -0.031490 0.002890 -0.312013 0.949552
1772976087.745098591 1.008043 -0.053696 0.018453 -0.014579 -0.000462 -0.354841 0.934813
1772976087.845135212 0.990888 -0.065462 0.022931 0.009590 -0.015181 -0.398574 0.916960
1772976087.945741415 0.979901 -0.078253 0.017766 0.005995 -0.004344 -0.440072 0.897932
1772976088.045744419 0.964326 -0.099028 0.019361 0.004748 -0.003102 -0.482699 0.875768
1772976088.145815611 0.947976 -0.115981 0.022908 0.012175 -0.002221 -0.521130 0.853388
1772976088.245788574 0.923377 -0.133431 0.019140 0.018867 0.000392 -0.565050 0.824841
1772976088.345054388 0.927617 -0.154090 0.016741 0.006548 0.010808 -0.584016 0.811644
1772976088.444303751 0.945590 -0.181121 0.021573 -0.003067 0.011926 -0.587508 0.809125
1772976088.544160128 0.963209 -0.227889 0.018934 0.001192 -0.001486 -0.590985 0.806680
1772976088.644121408 0.973879 -0.277609 0.017356 0.014845 -0.007161 -0.586237 0.809972
1772976088.744312763 0.988841 -0.320466 0.015068 0.038319 -0.006929 -0.581813 0.812390
1772976088.844788551 0.997869 -0.372138 0.010496 0.050905 -0.009279 -0.577024 0.815086
1772976088.945257425 1.010064 -0.431597 -0.001438 0.063022 -0.008045 -0.573287 0.816887
1772976089.045994520 1.031041 -0.474955 0.004262 0.043904 -0.001455 -0.578661 0.814384
1772976089.146576643 1.049372 -0.514983 0.006509 0.027180 0.007741 -0.584288 0.811054
1772976089.246922016 1.074462 -0.561219 0.007889 0.007006 0.014386 -0.587639 0.808965
1772976089.346340656 1.091674 -0.612758 0.002141 0.011701 0.023636 -0.583181 0.811914
1772976089.446303129 1.112382 -0.652558 0.007308 0.017459 0.008414 -0.578473 0.815471
1772976089.546170950 1.126374 -0.697929 0.011184 0.021729 -0.001070 -0.572994 0.819270
1772976089.646165133 1.138146 -0.745987 0.005032 0.026525 -0.006490 -0.570635 0.820750
1772976089.746350765 1.149363 -0.792603 0.002568 0.026483 -0.006311 -0.574510 0.818045
1772976089.846215963 1.173347 -0.832359 0.012299 0.018759 -0.002988 -0.574002 0.818634
1772976089.946490288 1.191359 -0.873950 0.017113 0.013092 -0.001525 -0.577323 0.816410
1772976090.046204329 1.207787 -0.922388 0.015262 0.005564 0.001028 -0.579427 0.815004
1772976090.145926952 1.230197 -0.970320 0.012713 0.008624 0.007011 -0.572957 0.819510
1772976090.245754957 1.253836 -1.011878 0.012089 0.019473 -0.005968 -0.571132 0.820605
1772976090.345750809 1.270206 -1.054431 0.013636 0.022349 -0.011460 -0.565685 0.824239
1772976090.445995569 1.287237 -1.102842 0.005008 0.024824 -0.007207 -0.563457 0.825741
1772976090.546387196 1.297528 -1.149395 0.015089 0.014238 -0.007294 -0.571000 0.820794
1772976090.646296978 1.315418 -1.193006 0.022521 0.010428 -0.004585 -0.569489 0.821920
1772976090.746460199 1.337076 -1.231449 0.024112 0.004833 -0.002588 -0.573663 0.819073
1772976090.846233368 1.361471 -1.274523 0.020364 0.003138 0.000782 -0.575066 0.818101
1772976090.946167231 1.382792 -1.324450 0.025674 0.013889 0.000873 -0.565291 0.824774
1772976091.046419859 1.394919 -1.376338 0.027079 0.019156 -0.009990 -0.562818 0.826298
1772976091.146667480 1.407936 -1.426747 0.023300 0.023136 -0.015669 -0.558629 0.828947
1772976091.247092485 1.413887 -1.478411 0.016621 0.024946 -0.008930 -0.560407 0.827793
1772976091.346928120 1.435910 -1.519210 0.027538 0.015807 -0.006538 -0.563440 0.825980
1772976091.446830034 1.458361 -1.556804 0.030981 0.015888 -0.007892 -0.562821 0.826389
1772976091.546669006 1.477257 -1.598124 0.033542 0.006441 -0.006928 -0.567596 0.823253
1772976091.646142483 1.501028 -1.650491 0.025524 0.012273 -0.004434 -0.563323 0.826134
1772976091.745833874 1.519492 -1.693156 0.033030 0.013915 -0.005717 -0.561442 0.827379
1772976091.845535994 1.544848 -1.730313 0.028232 0.017778 -0.012169 -0.555978 0.830918
1772976091.945423365 1.560740 -1.774972 0.019651 0.018759 -0.012742 -0.554643 0.831779
1772976092.045688152 1.575178 -1.821084 0.015009 0.021980 -0.007501 -0.557938 0.829558
1772976092.145694971 1.595344 -1.861864 0.026156 0.010554 -0.003677 -0.558891 0.829166
1772976092.245920420 1.611836 -1.902155 0.029905 0.007856 -0.006216 -0.560512 0.828085
1772976092.346134663 1.638547 -1.945544 0.030666 -0.003573 -0.003100 -0.563137 0.826350
1772976092.446002722 1.665553 -1.997153 0.027943 0.008655 0.001718 -0.557126 0.830381
1772976092.546452999 1.680733 -2.042015 0.032697 0.013828 -0.003734 -0.554042 0.832365
1772976092.646825790 1.704463 -2.064663 0.025028 0.017540 0.005619 -0.547420 0.836655
1772976092.747204065 1.709919 -2.067530 0.024982 0.017583 0.008857 -0.544643 0.838437
1772976092.847252369 1.710181 -2.062124 0.028378 0.012601 0.008691 -0.541348 0.840659
1772976092.946938038 1.710588 -2.057586 0.031885 0.008913 0.007081 -0.538422 0.842598
1772976093.046734095 1.712015 -2.054741 0.032655 0.006653 0.006235 -0.535515 0.844477
1772976093.146656036 1.712110 -2.053981 0.032998 0.005807 0.006208 -0.534303 0.845250
1772976093.246414423 1.711702 -2.054227 0.033424 0.005736 0.006449 -0.533818 0.845555
1772976093.346190929 1.711802 -2.053763 0.033940 0.005267 0.006681 -0.533689 0.845638
1772976093.446099520 1.711835 -2.053700 0.034612 0.004888 0.006555 -0.533184 0.845960
1772976093.545746326 1.711386 -2.052712 0.035200 0.004564 0.006993 -0.533024 0.846059
1772976093.645644903 1.711750 -2.051897 0.035355 0.003643 0.006325 -0.532508 0.846393
1772976093.745538712 1.713462 -2.050966 0.035442 0.002387 0.007009 -0.530725 0.847512
1772976093.845579863 1.714625 -2.049431 0.036468 0.001589 0.006559 -0.529711 0.848152
1772976093.945521355 1.714992 -2.048670 0.037302 0.001096 0.006641 -0.528969 0.848614
1772976094.045519590 1.714983 -2.048159 0.037669 0.000684 0.006367 -0.528458 0.848935
1772976094.145651579 1.714679 -2.047851 0.037815 0.000604 0.006782 -0.528124 0.849140
1772976094.245897532 1.714347 -2.047293 0.037094 0.000291 0.006637 -0.528204 0.849092
1772976094.346082926 1.713857 -2.047329 0.037338 0.000127 0.006817 -0.528028 0.849200
1772976094.446111679 1.713499 -2.047993 0.037789 -0.000092 0.006600 -0.528136 0.849134
1772976094.546169043 1.713705 -2.048674 0.037779 -0.000196 0.006732 -0.528058 0.849182
1772976094.646155834 1.713866 -2.049293 0.038423 -0.000290 0.006684 -0.528017 0.849207
1772976094.746186733 1.713880 -2.048974 0.038472 -0.000263 0.006686 -0.527867 0.849301
1772976094.846331835 1.713252 -2.048542 0.038628 -0.000836 0.006372 -0.527866 0.849304
1772976094.946577072 1.712438 -2.049711 0.037280 -0.001029 0.005992 -0.528139 0.849136
1772976095.046252966 1.715446 -2.050116 0.036200 -0.002673 0.006205 -0.521474 0.853240
1772976095.145589352 1.728943 -2.041578 0.040090 -0.003545 0.005125 -0.490401 0.871475
1772976095.245245457 1.743260 -2.032687 0.044285 -0.005180 0.003874 -0.462724 0.886479
1772976095.345221281 1.754691 -2.025095 0.046730 -0.005561 0.004329 -0.437530 0.899176
1772976095.445531607 1.764950 -2.016070 0.048546 -0.005311 0.003786 -0.409910 0.912103
1772976095.545464516 1.777008 -2.002689 0.049106 -0.007358 0.004571 -0.379026 0.925345
1772976095.645715952 1.789500 -1.988733 0.049667 -0.011502 0.004587 -0.347904 0.937448
1772976095.745905638 1.802003 -1.977516 0.050199 -0.012957 0.004636 -0.317806 0.948056
1772976095.846127987 1.816534 -1.963424 0.049349 -0.012333 0.005776 -0.282353 0.959214
1772976095.946199417 1.830134 -1.947209 0.046094 -0.007132 0.006785 -0.245214 0.969419
1772976096.046042919 1.841165 -1.930079 0.042029 -0.005477 0.008293 -0.203015 0.979125
1772976096.145956039 1.848941 -1.912831 0.039605 0.003610 0.008828 -0.162481 0.986666
1772976096.245469570 1.858643 -1.904388 0.040293 0.013527 0.016012 -0.105646 0.994183
1772976096.345318794 1.869159 -1.884286 0.035491 0.023450 0.012505 -0.047286 0.998528
1772976096.445790529 1.873115 -1.864599 0.034341 0.010202 0.015192 -0.001744 0.999831
1772976096.546185970 1.876946 -1.852525 0.041306 0.009143 0.014390 0.039737 0.999065
1772976096.646476746 1.877742 -1.831238 0.044053 0.000167 0.008513 0.083555 0.996467
1772976096.747596502 1.875850 -1.817856 0.045174 0.000305 0.007985 0.099203 0.995035
1772976096.848374844 1.874677 -1.808821 0.043126 -0.004560 0.007150 0.095116 0.995430
1772976096.948569775 1.877601 -1.802728 0.044968 -0.008897 0.000173 0.094244 0.995509
1772976097.047855854 1.906973 -1.806557 0.043865 -0.011816 0.002826 0.096067 0.995301
1772976097.147071362 1.954021 -1.806530 0.040341 -0.003656 -0.001243 0.095829 0.995390
1772976097.246457338 2.002319 -1.794664 0.045783 0.005182 -0.005510 0.099088 0.995050
1772976097.345806837 2.051200 -1.775999 0.046386 -0.000120 -0.003929 0.105199 0.994443
1772976097.445494652 2.104112 -1.752499 0.041245 -0.008820 -0.007275 0.107295 0.994161
1772976097.545674562 2.151363 -1.741179 0.049299 -0.026932 -0.007374 0.105236 0.994055
1772976097.645996094 2.198486 -1.734575 0.049601 -0.027532 -0.001098 0.100778 0.994527
1772976097.746075392 2.243940 -1.716842 0.045250 -0.031698 0.006554 0.097419 0.994717
1772976097.845715284 2.298430 -1.705874 0.046030 -0.038381 0.011374 0.095812 0.994594
1772976097.945524693 2.345291 -1.695893 0.054015 -0.025688 0.007988 0.103008 0.994317
1772976098.045217276 2.392714 -1.685995 0.054485 -0.005116 0.008347 0.110457 0.993833
1772976098.145527601 2.445016 -1.671431 0.042553 0.000746 0.012332 0.111004 0.993743
1772976098.246007919 2.490330 -1.656056 0.044676 0.001295 0.005018 0.110350 0.993879
1772976098.346081257 2.531307 -1.639269 0.048909 -0.008889 0.001100 0.109497 0.993947
1772976098.446300507 2.574592 -1.626123 0.047979 -0.017943 -0.002530 0.104444 0.994366
1772976098.546115637 2.626860 -1.602918 0.042567 -0.026292 -0.008480 0.103043 0.994293
1772976098.645892859 2.664133 -1.591893 0.035864 -0.026629 0.011395 0.110764 0.993425
1772976098.746171951 2.670333 -1.591255 0.043741 -0.029933 0.014362 0.116934 0.992585
1772976098.846415520 2.665907 -1.596275 0.052632 -0.031414 0.009240 0.117998 0.992474
1772976098.946741104 2.663062 -1.597304 0.054300 -0.032589 0.009049 0.115479 0.992734
1772976099.046358585 2.656727 -1.594716 0.054941 -0.028897 0.006495 0.130671 0.990983
1772976099.146497250 2.681797 -1.593386 0.068102 -0.006092 0.001383 0.133848 0.990982
1772976099.246219635 2.723982 -1.575621 0.063345 -0.001200 0.006396 0.138637 0.990322
1772976099.346075773 2.771059 -1.549851 0.053645 -0.004060 0.014067 0.144023 0.989466
1772976099.446261168 2.820120 -1.524415 0.054453 -0.006181 0.004872 0.145423 0.989338
1772976099.546775341 2.867601 -1.507411 0.061060 -0.018093 0.005918 0.143005 0.989539
1772976099.646958113 2.913829 -1.491552 0.058767 -0.021415 0.005208 0.137968 0.990191
1772976099.746919632 2.961793 -1.477856 0.051957 -0.029221 0.006064 0.135286 0.990357
1772976099.846411705 3.012503 -1.464064 0.055387 -0.033438 0.008674 0.142618 0.989175
1772976099.946301699 3.058181 -1.449990 0.060031 -0.016371 0.004257 0.146692 0.989038
1772976100.046055794 3.104478 -1.439819 0.062505 -0.000656 0.003844 0.153216 0.988185
1772976100.145832062 3.154173 -1.424620 0.056754 0.004825 0.003589 0.155865 0.987760
1772976100.245581627 3.195287 -1.401526 0.065617 -0.006476 0.005953 0.156493 0.987640
1772976100.344736338 3.209856 -1.374207 0.069679 -0.034447 0.013575 0.196525 0.979799
1772976100.444700718 3.206160 -1.361052 0.073047 -0.045158 0.009206 0.234795 0.970952
1772976100.545083523 3.196064 -1.349815 0.073750 -0.044205 0.008507 0.266672 0.962735
1772976100.645542383 3.185888 -1.334166 0.073352 -0.045653 0.005726 0.299907 0.952858
1772976100.745943069 3.175742 -1.316767 0.071174 -0.046259 0.005104 0.334479 0.941253
1772976100.846009731 3.164775 -1.301457 0.067704 -0.047093 0.005163 0.369666 0.927956
1772976100.946072340 3.155496 -1.286751 0.064410 -0.048205 0.006001 0.403704 0.913599
1772976101.045980453 3.141843 -1.273176 0.057457 -0.048433 0.011012 0.437715 0.897741
1772976101.145882607 3.126266 -1.264175 0.054893 -0.040013 0.017369 0.477119 0.877756
1772976101.245540380 3.122614 -1.251343 0.059237 -0.033459 0.030283 0.523793 0.850650
1772976101.346547604 3.124580 -1.235045 0.057458 -0.015864 0.030243 0.539248 0.841454
1772976101.447584152 3.123662 -1.230384 0.059400 -0.021917 0.014594 0.541427 0.840335
1772976101.548278809 3.125167 -1.229894 0.056380 -0.033175 0.007967 0.537730 0.842426
1772976101.648160934 3.129517 -1.228591 0.058252 -0.038789 0.000911 0.533569 0.844866
1772976101.747678518 3.120799 -1.222460 0.066036 -0.037049 -0.009968 0.536557 0.842991
1772976101.847185612 3.116164 -1.220740 0.066802 -0.037956 -0.011499 0.539643 0.840959
1772976101.946745157 3.116405 -1.223331 0.067468 -0.037291 -0.011932 0.540037 0.840730
1772976102.046268225 3.115304 -1.225246 0.067333 -0.036993 -0.012610 0.540454 0.840465
1772976102.146209002 3.112633 -1.225533 0.065989 -0.037152 -0.012287 0.540519 0.840421
1772976102.245950937 3.112098 -1.224181 0.068136 -0.028790 -0.013338 0.541249 0.840263
1772976102.345861197 3.120033 -1.205057 0.072462 -0.023027 -0.015169 0.535378 0.844162
1772976102.445499659 3.137676 -1.171524 0.078672 -0.023159 -0.014573 0.532437 0.846028
1772976102.545212746 3.157955 -1.126705 0.065355 -0.029835 -0.005146 0.528890 0.848150
1772976102.644835234 3.177843 -1.076267 0.053751 -0.035528 0.001789 0.531410 0.846367
1772976102.744718790 3.200139 -1.034102 0.058294 -0.012452 0.015333 0.536719 0.843530
1772976102.844824076 3.226725 -0.992558 0.055068 -0.000217 0.027355 0.536816 0.843256
1772976102.945226669 3.251921 -0.946376 0.055837 0.002043 0.028405 0.539716 0.841365
1772976103.045640469 3.268676 -0.900796 0.064062 -0.015647 0.013216 0.537777 0.842838
1772976103.145960569 3.280716 -0.854694 0.064859 -0.028041 0.006139 0.536820 0.843209
1772976103.246274233 3.290794 -0.804710 0.062441 -0.040497 -0.001884 0.533236 0.844995
1772976103.346081495 3.296324 -0.742275 0.059410 -0.036514 0.003759 0.535971 0.843438
1772976103.446146011 3.315900 -0.703971 0.068635 -0.036340 -0.001231 0.542079 0.839540
1772976103.546656847 3.337625 -0.668480 0.071715 -0.021214 0.003128 0.548541 0.835848
1772976103.647264957 3.356922 -0.629752 0.065581 -0.019000 0.005549 0.547854 0.836340
1772976103.747615576 3.373512 -0.583768 0.066123 -0.016573 -0.000413 0.545494 0.837951
1772976103.847386122 3.385620 -0.539137 0.075449 -0.029263 -0.004939 0.544928 0.837958
1772976103.947101355 3.396371 -0.512992 0.074751 -0.044385 -0.004130 0.543674 0.838112
1772976104.046808958 3.398995 -0.504242 0.075620 -0.046351 -0.002252 0.546753 0.836007
1772976104.146361113 3.398120 -0.504123 0.077639 -0.046382 -0.003531 0.548027 0.835166
1772976104.246177673 3.380604 -0.527075 0.072657 -0.046905 0.000608 0.550171 0.833734
1772976104.346089363 3.359329 -0.563020 0.066673 -0.044861 -0.002075 0.554523 0.830956
1772976104.445976496 3.351990 -0.608194 0.071980 -0.044467 -0.000035 0.557547 0.828954
1772976104.546230316 3.335563 -0.653060 0.072160 -0.037414 0.002473 0.556484 0.830012
1772976104.646520138 3.322250 -0.692206 0.069690 -0.033670 0.010797 0.555100 0.831032
1772976104.746399403 3.305071 -0.733998 0.069753 -0.028568 0.006955 0.554812 0.831456
1772976104.845947266 3.285651 -0.770966 0.070405 -0.027202 0.008512 0.557958 0.829379
1772976104.945548058 3.269965 -0.803411 0.072136 -0.037053 0.008564 0.562262 0.826084
1772976105.045644999 3.250659 -0.840691 0.070032 -0.034620 0.006756 0.560671 0.827287
1772976105.145866632 3.237008 -0.876708 0.077064 -0.031486 0.003955 0.558940 0.828601
1772976105.246102810 3.226662 -0.897793 0.082173 -0.021603 -0.003161 0.555225 0.831413
1772976105.346292973 3.219139 -0.899028 0.084547 -0.021918 -0.009809 0.559176 0.828701
1772976105.446355581 3.216632 -0.894558 0.083022 -0.023172 -0.009822 0.561387 0.827171
1772976105.546318054 3.217241 -0.893648 0.081996 -0.023548 -0.009519 0.562241 0.826583
1772976105.646184683 3.216479 -0.895052 0.081991 -0.023444 -0.009959 0.562468 0.826426
1772976105.745998621 3.214188 -0.895778 0.081749 -0.023994 -0.009969 0.562613 0.826312
1772976105.845732450 3.209839 -0.896184 0.081328 -0.024380 -0.011487 0.566111 0.823888
1772976105.944892168 3.195370 -0.893871 0.083302 -0.024977 -0.012384 0.595637 0.802770
1772976106.044723749 3.179967 -0.886209 0.084882 -0.025964 -0.012127 0.619663 0.784345
1772976106.144641638 3.167814 -0.880658 0.083927 -0.026174 -0.011564 0.642516 0.765738
1772976106.244895935 3.149882 -0.878226 0.083259 -0.027599 -0.012001 0.666107 0.745249
1772976106.345125198 3.131111 -0.876872 0.083606 -0.028071 -0.011842 0.689760 0.723397
1772976106.445618629 3.111614 -0.876023 0.083892 -0.031215 -0.015068 0.712484 0.700832
1772976106.546080351 3.089774 -0.873703 0.082288 -0.032904 -0.015707 0.735832 0.676182
1772976106.646221876 3.067143 -0.870823 0.079610 -0.034478 -0.015869 0.760955 0.647694
1772976106.746005535 3.050132 -0.868802 0.077436 -0.034945 -0.011644 0.787373 0.615376
1772976106.845317841 3.023083 -0.866561 0.058569 -0.041095 0.006738 0.820141 0.570644
1772976106.944992542 2.994155 -0.867666 0.059385 -0.035003 0.012312 0.851683 0.522742
1772976107.045119762 2.982339 -0.867006 0.065352 -0.039186 0.002673 0.874424 0.483571
1772976107.145613432 2.969975 -0.869771 0.075846 -0.037891 0.003912 0.893263 0.447918
1772976107.246407509 2.952733 -0.877586 0.076628 -0.030667 0.000662 0.909281 0.415052
1772976107.347921371 2.928630 -0.857556 0.066764 -0.036012 -0.006247 0.907068 0.419395
1772976107.448473930 2.905279 -0.823278 0.050416 -0.042816 0.001858 0.906236 0.420595
1772976107.548238516 2.879024 -0.778832 0.035460 -0.046405 0.013387 0.906601 0.419216
1772976107.647884846 2.844908 -0.746466 0.040571 -0.033999 0.019703 0.910076 0.412575
1772976107.747536182 2.807442 -0.705959 0.040044 -0.039769 0.021608 0.910688 0.410607
1772976107.847387314 2.771621 -0.666769 0.041506 -0.030393 0.018838 0.912977 0.406442
1772976107.947213888 2.735504 -0.635612 0.048873 -0.037944 -0.006058 0.910909 0.410813
1772976108.047125101 2.692388 -0.611299 0.047684 -0.046504 -0.018616 0.908662 0.414516
1772976108.146630526 2.649402 -0.583856 0.037783 -0.053342 -0.031106 0.907683 0.415088
1772976108.246237755 2.610825 -0.545457 0.032288 -0.058894 -0.029544 0.908129 0.413474
1772976108.345992565 2.581644 -0.507006 0.043856 -0.043985 -0.019273 0.911053 0.409483
1772976108.445862055 2.554028 -0.467797 0.046265 -0.032375 0.000153 0.913697 0.405105
1772976108.546136141 2.527334 -0.428429 0.039729 -0.032023 0.010799 0.914033 0.404230
1772976108.646386147 2.497536 -0.391373 0.038687 -0.023517 0.008697 0.913455 0.406167
1772976108.746445179 2.460431 -0.362271 0.050532 -0.025115 -0.007167 0.913310 0.406426
1772976108.846356630 2.430248 -0.332890 0.054106 -0.024986 -0.011032 0.912031 0.409211
1772976108.946223736 2.389148 -0.300693 0.046031 -0.024830 -0.026910 0.909671 0.413712
1772976109.045788288 2.341743 -0.265603 0.039736 -0.036700 -0.017280 0.913298 0.405267
1772976109.145729542 2.309773 -0.230081 0.044326 -0.026152 -0.010720 0.916619 0.398760
1772976109.245971203 2.278307 -0.196564 0.043639 -0.013852 -0.002112 0.919827 0.392074
1772976109.346411943 2.243671 -0.161355 0.029581 -0.008747 -0.001865 0.920080 0.391629
1772976109.446789026 2.210302 -0.127028 0.037355 -0.015194 -0.007473 0.917613 0.397115
1772976109.546678543 2.175947 -0.093767 0.048703 -0.021469 -0.014011 0.918053 0.395628
1772976109.646657467 2.141061 -0.067598 0.047372 -0.020926 -0.016373 0.916411 0.399356
1772976109.746182442 2.100041 -0.040683 0.039713 -0.019060 -0.029429 0.915283 0.401282
1772976109.845474243 2.059637 -0.007871 0.032026 -0.030783 -0.014704 0.919350 0.391958
1772976109.945278883 2.029612 0.030549 0.039625 -0.021195 -0.008395 0.922075 0.386340
1772976110.045247316 2.001743 0.066902 0.045441 -0.015409 -0.002885 0.924491 0.380882
1772976110.145374775 1.968280 0.106602 0.040250 -0.016285 -0.003057 0.925220 0.379070
1772976110.245951414 1.931616 0.135929 0.045850 -0.016094 -0.014170 0.922770 0.384755
1772976110.346122742 1.891778 0.165528 0.043020 -0.021135 -0.014116 0.923970 0.381621
1772976110.446479559 1.855057 0.198635 0.037890 -0.022428 -0.015762 0.922265 0.385584
1772976110.546488285 1.817219 0.235953 0.029921 -0.023303 -0.019931 0.922412 0.384989
1772976110.646197081 1.778541 0.273648 0.030376 -0.026985 -0.015508 0.925293 0.377975
1772976110.746172428 1.739205 0.304181 0.028287 -0.018366 -0.003049 0.926905 0.374834
1772976110.846425056 1.706088 0.336194 0.023939 -0.015926 0.002382 0.928688 0.370513
1772976110.946575642 1.669791 0.369073 0.016701 -0.015081 0.002920 0.929183 0.369301
1772976111.046815634 1.629536 0.393352 0.029726 -0.018499 -0.009457 0.927108 0.374218
1772976111.146888256 1.592064 0.424359 0.033117 -0.019137 -0.010651 0.927745 0.372573
1772976111.246892691 1.554121 0.449599 0.028740 -0.021947 -0.019144 0.925935 0.376559
1772976111.346361399 1.511629 0.481619 0.025325 -0.028183 -0.022656 0.926603 0.374299
1772976111.446091175 1.475486 0.512740 0.029389 -0.027449 -0.010974 0.930507 0.365079
1772976111.545916319 1.444336 0.548806 0.031606 -0.017544 -0.003802 0.932311 0.361213
1772976111.645902872 1.411087 0.583241 0.024691 -0.014370 0.000255 0.933243 0.358958
1772976111.746108055 1.373751 0.616086 0.015810 -0.016328 -0.001306 0.932729 0.360205
1772976111.846140623 1.333743 0.644974 0.022213 -0.019981 -0.015527 0.931922 0.361774
1772976111.946230650 1.299927 0.674270 0.024028 -0.018371 -0.012418 0.931498 0.363071
1772976112.046132565 1.260331 0.704883 0.022697 -0.017596 -0.024216 0.930043 0.366229
1772976112.145904303 1.212415 0.737066 0.017705 -0.031251 -0.015894 0.932223 0.360181
1772976112.245974541 1.178151 0.770701 0.028048 -0.021555 -0.011536 0.933859 0.356806
1772976112.346028090 1.141666 0.797570 0.023674 -0.014131 -0.002710 0.936819 0.349520
1772976112.446101665 1.106864 0.828618 0.017973 -0.016739 -0.005735 0.936576 0.350017
1772976112.546378613 1.080906 0.848578 0.018568 -0.024508 0.001451 0.937667 0.346665
1772976112.646559954 1.075394 0.852549 0.017274 -0.027414 0.003158 0.937105 0.347955
1772976112.746609211 1.078294 0.853528 0.017243 -0.025179 0.003306 0.936902 0.348668
1772976112.846445322 1.078691 0.854124 0.015856 -0.024439 0.003576 0.936562 0.349630
1772976112.946231842 1.076833 0.853099 0.012973 -0.024141 0.003975 0.936397 0.350088
1772976113.045329571 1.072769 0.848569 0.011827 -0.024284 -0.001578 0.941333 0.336601
1772976113.144531965 1.064066 0.833096 0.013855 -0.024811 -0.004562 0.952477 0.303565
1772976113.244300604 1.053602 0.815059 0.014243 -0.027127 -0.013093 0.962159 0.270819
1772976113.344588280 1.042801 0.798142 0.014753 -0.030410 -0.019628 0.971145 0.235728
1772976113.444921494 1.034370 0.778842 0.015025 -0.035669 -0.028281 0.979059 0.198423
1772976113.545537710 1.027174 0.757628 0.012939 -0.040489 -0.035421 0.985454 0.161203
1772976113.646182299 1.020245 0.734349 0.011041 -0.046019 -0.048565 0.989645 0.126986
1772976113.746655226 1.014665 0.706746 0.006622 -0.051702 -0.065111 0.992742 0.086891
1772976113.846525431 1.004492 0.687681 0.006567 -0.051074 -0.050868 0.996535 0.041492
1772976113.945915222 0.981668 0.668588 -0.003437 -0.060555 -0.029247 0.997622 -0.015124
1772976114.045890570 0.976856 0.641841 0.003592 -0.051886 -0.020589 0.996501 -0.062199
1772976114.147061348 0.980116 0.621364 0.014601 -0.032594 -0.035211 0.994319 -0.095017
1772976114.248275280 0.970922 0.606399 0.025509 -0.003986 -0.057159 0.994508 -0.087583
1772976114.348713636 0.942136 0.585100 0.032315 0.013731 -0.051713 0.993941 -0.096015
1772976114.448626518 0.898901 0.575647 0.034210 0.010969 -0.023682 0.993873 -0.107402
1772976114.548334599 0.856495 0.562325 0.030709 0.006535 -0.017634 0.993722 -0.110284
1772976114.647807598 0.814786 0.553664 0.026924 0.006929 -0.003644 0.993142 -0.116650
1772976114.747297525 0.766092 0.542602 0.024447 0.011726 0.004284 0.993062 -0.116927
1772976114.846760988 0.710974 0.530632 0.019488 -0.007862 -0.009625 0.993423 -0.113824
1772976114.946246386 0.660930 0.514824 0.019511 -0.009736 -0.009113 0.993072 -0.116745
1772976115.045847178 0.617030 0.499218 0.012751 -0.007782 -0.010754 0.993700 -0.111282
1772976115.145448923 0.570157 0.480273 0.004917 -0.012520 -0.012582 0.993677 -0.110860
1772976115.245439053 0.519526 0.464752 0.005459 -0.018384 -0.009387 0.992408 -0.121242
1772976115.345460653 0.479028 0.453844 0.004105 -0.015383 -0.003040 0.991675 -0.127807
1772976115.445841312 0.433177 0.443953 0.001233 -0.014814 -0.000591 0.991175 -0.131729
1772976115.546412706 0.383576 0.433480 -0.005428 -0.015981 -0.000890 0.990954 -0.133247
1772976115.646544218 0.339070 0.415835 0.002851 -0.010755 -0.014896 0.991307 -0.130279
1772976115.746836424 0.298411 0.404908 0.002478 -0.015445 -0.008594 0.991530 -0.128670
1772976115.846821308 0.253046 0.388593 -0.002778 -0.012057 -0.015766 0.992088 -0.123963
1772976115.946323633 0.200788 0.366886 -0.011571 -0.024110 -0.016516 0.991553 -0.126364
1772976116.046031237 0.155421 0.344582 -0.010104 -0.021841 -0.012878 0.990813 -0.132839
1772976116.145855904 0.112529 0.331023 -0.013943 -0.020118 -0.002960 0.989790 -0.141073
1772976116.245881557 0.070385 0.315504 -0.018910 -0.025322 -0.006416 0.989434 -0.142609
1772976116.346006393 0.024293 0.297164 -0.009095 -0.012017 -0.013463 0.990026 -0.139722
1772976116.445897818 -0.025749 0.279780 -0.007256 -0.015832 -0.020764 0.989636 -0.141205
1772976116.546007156 -0.069842 0.264457 -0.012512 -0.018976 -0.019989 0.990339 -0.135900
1772976116.645682335 -0.115632 0.242674 -0.020961 -0.017617 -0.026241 0.990684 -0.132460
1772976116.745183229 -0.163614 0.223192 -0.024517 -0.028563 -0.025483 0.989213 -0.141391
1772976116.845322609 -0.210539 0.213594 -0.021195 -0.021461 -0.012896 0.988915 -0.146360
1772976116.945333242 -0.254940 0.202155 -0.022160 -0.019073 -0.000729 0.988162 -0.152224
1772976117.045668840 -0.302403 0.186175 -0.033087 -0.018818 0.003923 0.987723 -0.155029
1772976117.146273613 -0.346817 0.167466 -0.026073 -0.012445 -0.010367 0.988619 -0.149568
1772976117.246564388 -0.391561 0.152162 -0.024937 -0.016385 -0.007265 0.988521 -0.150018
1772976117.347052813 -0.436082 0.140153 -0.023185 -0.014035 -0.013173 0.989254 -0.144938
1772976117.446903706 -0.482775 0.119165 -0.028644 -0.013582 -0.015753 0.989444 -0.143412
1772976117.546885967 -0.531089 0.097278 -0.024792 -0.019701 -0.015202 0.987893 -0.153128
1772976117.646959066 -0.574100 0.080762 -0.025841 -0.015862 -0.003692 0.987381 -0.157523
1772976117.746832848 -0.617663 0.068115 -0.032048 -0.017835 0.002474 0.986648 -0.161867
1772976117.846838951 -0.666748 0.055550 -0.039369 -0.013882 0.001167 0.986267 -0.164568
1772976117.946818113 -0.703291 0.033779 -0.035488 -0.030367 -0.010679 0.986615 -0.159859
1772976118.046480417 -0.713380 0.025998 -0.036076 -0.037425 -0.011953 0.986614 -0.158272
1772976118.146155596 -0.710593 0.025784 -0.033317 -0.035130 -0.012178 0.986468 -0.159681
1772976118.245929718 -0.708208 0.024470 -0.031813 -0.034440 -0.012143 0.986071 -0.162268
1772976118.345758438 -0.708050 0.022219 -0.031234 -0.034452 -0.012547 0.985789 -0.163939
1772976118.445625544 -0.707494 0.020535 -0.031382 -0.033869 -0.012878 0.985653 -0.164850
1772976118.545570850 -0.707594 0.020122 -0.031256 -0.034042 -0.012896 0.985492 -0.165770
1772976118.645496607 -0.708166 0.020032 -0.031111 -0.033813 -0.012783 0.985497 -0.165799
1772976118.745309353 -0.708252 0.020135 -0.030831 -0.033623 -0.012946 0.985451 -0.166098
1772976118.845312834 -0.708142 0.020413 -0.031271 -0.034071 -0.013083 0.985453 -0.165982
1772976118.945537090 -0.707670 0.020657 -0.030912 -0.033619 -0.013064 0.985421 -0.166269
1772976119.045564651 -0.707458 0.020674 -0.030610 -0.033660 -0.013145 0.985349 -0.166679
1772976119.145778894 -0.707752 0.020686 -0.030379 -0.033643 -0.013203 0.985377 -0.166511
1772976119.246006489 -0.708112 0.019917 -0.030227 -0.033834 -0.013146 0.985329 -0.166763
1772976119.346160173 -0.708029 0.019497 -0.029959 -0.033888 -0.013178 0.985303 -0.166904
1772976119.446388721 -0.707936 0.019489 -0.030564 -0.033812 -0.013018 0.985239 -0.167308
1772976119.546382427 -0.708167 0.019317 -0.030432 -0.033669 -0.013166 0.985221 -0.167430
1772976119.646412373 -0.707932 0.018987 -0.030598 -0.033381 -0.013292 0.985095 -0.168214
1772976119.746202230 -0.707165 0.017630 -0.030609 -0.033238 -0.013496 0.984936 -0.169160
1772976119.846096039 -0.706569 0.016248 -0.030651 -0.033158 -0.013540 0.984702 -0.170525
1772976119.945774794 -0.706394 0.015246 -0.030705 -0.032985 -0.013666 0.984556 -0.171389
1772976120.045493126 -0.706629 0.015567 -0.030312 -0.033019 -0.013836 0.984458 -0.171935
1772976120.145280123 -0.706433 0.015494 -0.029911 -0.032452 -0.013740 0.984467 -0.171994
1772976120.245135307 -0.706469 0.015675 -0.030504 -0.032916 -0.013842 0.984472 -0.171871
1772976120.344995499 -0.706033 0.015442 -0.030856 -0.032539 -0.013804 0.984423 -0.172227
1772976120.444977283 -0.706072 0.015587 -0.030421 -0.032277 -0.013774 0.984474 -0.171989
1772976120.545145750 -0.706046 0.016153 -0.030219 -0.032623 -0.014003 0.984431 -0.172152
1772976120.645223618 -0.706762 0.016072 -0.030283 -0.032611 -0.014109 0.984424 -0.172184
1772976120.745327950 -0.706946 0.015837 -0.030481 -0.032630 -0.014027 0.984444 -0.172073
1772976120.845925808 -0.706937 0.015444 -0.029963 -0.032537 -0.014374 0.984416 -0.172222
1772976120.946259975 -0.706945 0.015637 -0.030325 -0.032603 -0.014063 0.984394 -0.172360
1772976121.046382904 -0.706466 0.015888 -0.030784 -0.032967 -0.014370 0.984394 -0.172265
1772976121.146662951 -0.706571 0.015619 -0.030402 -0.032226 -0.013981 0.984383 -0.172502
1772976121.246635914 -0.706320 0.015822 -0.030201 -0.032332 -0.013834 0.984414 -0.172316
1772976121.346531153 -0.706770 0.015489 -0.030916 -0.032758 -0.014177 0.984404 -0.172266
1772976121.446204185 -0.707486 0.015212 -0.031008 -0.032586 -0.014085 0.984455 -0.172012
1772976121.545815945 -0.707663 0.015167 -0.030578 -0.032404 -0.014123 0.984429 -0.172193
1772976121.645644426 -0.707218 0.015544 -0.029729 -0.032377 -0.014018 0.984424 -0.172236
1772976121.745561123 -0.706761 0.015321 -0.030117 -0.032397 -0.014361 0.984369 -0.172515
1772976121.845820427 -0.706821 0.014977 -0.030248 -0.032392 -0.014352 0.984366 -0.172535
1772976121.945885420 -0.706776 0.014965 -0.030361 -0.032573 -0.014032 0.984414 -0.172255
1772976122.046197891 -0.707211 0.014882 -0.030082 -0.032376 -0.014172 0.984393 -0.172397
1772976122.146018267 -0.707331 0.014752 -0.029839 -0.032348 -0.014039 0.984459 -0.172038
1772976122.245998383 -0.707451 0.014854 -0.030109 -0.032514 -0.014114 0.984389 -0.172402
1772976122.345782042 -0.706891 0.015018 -0.029442 -0.032405 -0.014321 0.984394 -0.172373
1772976122.445772409 -0.706587 0.015148 -0.029855 -0.032388 -0.014371 0.984366 -0.172536
1772976122.545671463 -0.706913 0.015355 -0.030512 -0.032491 -0.014163 0.984410 -0.172282
1772976122.645583630 -0.707061 0.015503 -0.030708 -0.032363 -0.014111 0.984393 -0.172407
1772976122.745632410 -0.707130 0.015186 -0.030263 -0.032223 -0.014137 0.984422 -0.172264
1772976122.845770597 -0.707309 0.015234 -0.030301 -0.032173 -0.014102 0.984403 -0.172388
1772976122.945904255 -0.707257 0.015485 -0.030980 -0.032829 -0.014404 0.984395 -0.172285
1772976123.045895815 -0.706530 0.015515 -0.030255 -0.032592 -0.014159 0.984389 -0.172384
1772976123.146267653 -0.706278 0.015321 -0.030083 -0.032500 -0.014364 0.984358 -0.172562
1772976123.246383905 -0.706665 0.015252 -0.030859 -0.032607 -0.014271 0.984421 -0.172189
1772976123.346487761 -0.706643 0.015098 -0.030541 -0.032366 -0.014261 0.984426 -0.172204
1772976123.446442842 -0.706957 0.014874 -0.030023 -0.032486 -0.014268 0.984429 -0.172166
1772976123.546249866 -0.707181 0.014705 -0.030201 -0.032506 -0.014205 0.984395 -0.172362
1772976123.646118402 -0.707297 0.014483 -0.030463 -0.032367 -0.014369 0.984391 -0.172396
1772976123.745876312 -0.706769 0.014386 -0.030571 -0.032178 -0.013899 0.984399 -0.172424
1772976123.845839262 -0.706434 0.014622 -0.030277 -0.032579 -0.014199 0.984374 -0.172469
1772976123.945921898 -0.706391 0.015311 -0.030773 -0.032543 -0.014236 0.984383 -0.172417
1772976124.046087503 -0.706782 0.014969 -0.030891 -0.032684 -0.014137 0.984416 -0.172213
1772976124.146126986 -0.707107 0.014855 -0.030119 -0.032467 -0.014340 0.984392 -0.172373
1772976124.246110439 -0.707322 0.014802 -0.030042 -0.032668 -0.014229 0.984389 -0.172360
1772976124.346107483 -0.706880 0.014888 -0.029976 -0.032687 -0.014448 0.984393 -0.172315
1772976124.446094513 -0.706665 0.015398 -0.030891 -0.032540 -0.014228 0.984395 -0.172349
1772976124.545853853 -0.706628 0.015174 -0.030510 -0.032653 -0.014352 0.984351 -0.172574
1772976124.645779610 -0.706928 0.015259 -0.030590 -0.032596 -0.014297 0.984364 -0.172515
1772976124.745788336 -0.707367 0.014953 -0.030519 -0.032591 -0.014406 0.984397 -0.172313
1772976124.845709085 -0.707332 0.014839 -0.030414 -0.032168 -0.014009 0.984415 -0.172327
1772976124.945679426 -0.707245 0.014710 -0.030706 -0.032738 -0.014208 0.984389 -0.172351
1772976125.045721531 -0.707151 0.014483 -0.030378 -0.032561 -0.014310 0.984363 -0.172524
1772976125.145481110 -0.707028 0.014342 -0.030511 -0.032311 -0.013954 0.984374 -0.172535
1772976125.245334864 -0.707225 0.014265 -0.030621 -0.032717 -0.014359 0.984327 -0.172698
1772976125.345491409 -0.707340 0.014494 -0.030461 -0.032248 -0.014363 0.984395 -0.172398
1772976125.445704937 -0.707905 0.014384 -0.031207 -0.032627 -0.014145 0.984392 -0.172361
1772976125.545761824 -0.708050 0.014578 -0.031114 -0.032543 -0.014202 0.984405 -0.172295
1772976125.645989656 -0.708122 0.014112 -0.030952 -0.032360 -0.014113 0.984417 -0.172269
1772976125.746076107 -0.707803 0.014039 -0.031300 -0.032581 -0.014160 0.984363 -0.172532
1772976125.845980167 -0.707455 0.014497 -0.031066 -0.032715 -0.014226 0.984377 -0.172425
1772976125.945961475 -0.707262 0.014769 -0.030796 -0.032530 -0.014250 0.984363 -0.172536
1772976126.045937061 -0.707218 0.014991 -0.030294 -0.032098 -0.014072 0.984447 -0.172149
1772976126.145869255 -0.707255 0.015401 -0.030313 -0.032740 -0.014431 0.984411 -0.172205
1772976126.246054649 -0.707444 0.015194 -0.030358 -0.032590 -0.014401 0.984412 -0.172234
1772976126.346075058 -0.707100 0.014836 -0.030968 -0.032599 -0.014214 0.984398 -0.172326
1772976126.446041584 -0.706896 0.014843 -0.030942 -0.032578 -0.014501 0.984330 -0.172692
1772976126.546086550 -0.706872 0.015063 -0.030825 -0.032765 -0.014428 0.984355 -0.172520
1772976126.646231413 -0.706609 0.014939 -0.030359 -0.032351 -0.014446 0.984362 -0.172558
1772976126.746300459 -0.707106 0.014474 -0.030116 -0.032811 -0.014196 0.984356 -0.172525
1772976126.846480131 -0.707316 0.014097 -0.030514 -0.032238 -0.014106 0.984415 -0.172305
1772976126.946492910 -0.707166 0.014255 -0.031254 -0.032580 -0.014227 0.984400 -0.172317
1772976127.046567917 -0.707149 0.015039 -0.030881 -0.032845 -0.014329 0.984367 -0.172448
1772976127.146536589 -0.706801 0.015158 -0.030468 -0.032280 -0.014302 0.984394 -0.172402
1772976127.246653318 -0.706905 0.015122 -0.031076 -0.032097 -0.014000 0.984425 -0.172281
1772976127.346401453 -0.707028 0.015226 -0.031561 -0.032783 -0.014416 0.984361 -0.172486
1772976127.446502686 -0.706838 0.015100 -0.031155 -0.032297 -0.014074 0.984405 -0.172350
1772976127.546353340 -0.706790 0.014980 -0.031218 -0.032746 -0.014211 0.984387 -0.172359
1772976127.646383524 -0.706701 0.015027 -0.031365 -0.032348 -0.013885 0.984410 -0.172329
1772976127.746316433 -0.706348 0.015266 -0.030641 -0.032303 -0.014219 0.984380 -0.172481
1772976127.846192598 -0.706054 0.015371 -0.030306 -0.032258 -0.014097 0.984405 -0.172357
1772976127.946151257 -0.706459 0.015495 -0.029896 -0.032399 -0.014278 0.984401 -0.172338
1772976128.046098232 -0.706940 0.015947 -0.030127 -0.032011 -0.014090 0.984436 -0.172230
1772976128.145649672 -0.707247 0.015881 -0.030207 -0.032423 -0.013921 0.984398 -0.172382
1772976128.245769501 -0.707324 0.015778 -0.029960 -0.032312 -0.014086 0.984410 -0.172322
1772976128.345891953 -0.707305 0.015384 -0.030180 -0.032402 -0.014387 0.984379 -0.172459
1772976128.445871592 -0.707419 0.015243 -0.030425 -0.032561 -0.014457 0.984330 -0.172702
1772976128.545861006 -0.707049 0.015337 -0.030493 -0.032695 -0.014367 0.984325 -0.172708
1772976128.645780325 -0.706723 0.015686 -0.030412 -0.032695 -0.014505 0.984372 -0.172431
1772976128.745849133 -0.706745 0.016022 -0.030400 -0.033119 -0.014437 0.984382 -0.172297
1772976128.845999241 -0.707449 0.015894 -0.030108 -0.032884 -0.014630 0.984373 -0.172376
1772976128.945947886 -0.707665 0.015480 -0.029945 -0.032351 -0.014457 0.984396 -0.172363
1772976129.046154499 -0.707198 0.015340 -0.030689 -0.032460 -0.013686 0.984373 -0.172537
1772976129.146208525 -0.706787 0.015253 -0.030395 -0.032336 -0.013956 0.984377 -0.172513
1772976129.246227264 -0.706352 0.015294 -0.030228 -0.032260 -0.013914 0.984399 -0.172406
1772976129.346224546 -0.706900 0.014732 -0.030937 -0.032394 -0.013905 0.984419 -0.172271
1772976129.446182489 -0.707372 0.014620 -0.031479 -0.032387 -0.013761 0.984421 -0.172267
1772976129.546175480 -0.707474 0.013998 -0.030878 -0.032236 -0.014122 0.984367 -0.172579
1772976129.646002054 -0.707547 0.013562 -0.030332 -0.032230 -0.013940 0.984380 -0.172522
1772976129.746144533 -0.707041 0.013902 -0.030200 -0.032283 -0.014051 0.984327 -0.172800
1772976129.845939159 -0.706462 0.014517 -0.029886 -0.032414 -0.014209 0.984398 -0.172357
1772976129.945917130 -0.706475 0.015196 -0.029917 -0.032210 -0.014254 0.984383 -0.172482
1772976130.045960188 -0.707204 0.015027 -0.030465 -0.032380 -0.014165 0.984400 -0.172356
1772976130.145760536 -0.707506 0.014991 -0.030750 -0.032631 -0.014121 0.984416 -0.172221
1772976130.245969772 -0.707661 0.014851 -0.030411 -0.032538 -0.014124 0.984401 -0.172325
1772976130.346224308 -0.707254 0.015358 -0.030470 -0.032529 -0.014182 0.984361 -0.172553
1772976130.446245670 -0.706573 0.015797 -0.030605 -0.032700 -0.014451 0.984382 -0.172375
1772976130.546466827 -0.706448 0.015250 -0.031295 -0.032348 -0.014313 0.984395 -0.172382
1772976130.646526814 -0.707017 0.015009 -0.031187 -0.032647 -0.014295 0.984366 -0.172491
1772976130.746468306 -0.707244 0.014866 -0.030241 -0.032315 -0.014153 0.984413 -0.172296
1772976130.846281767 -0.707297 0.014902 -0.030256 -0.032265 -0.014130 0.984409 -0.172331
1772976130.946071148 -0.707058 0.014646 -0.030599 -0.032630 -0.014120 0.984381 -0.172425
1772976131.045803785 -0.706621 0.014951 -0.029642 -0.032637 -0.014290 0.984346 -0.172610
1772976131.145682096 -0.706544 0.015278 -0.030067 -0.032609 -0.014286 0.984364 -0.172514
1772976131.245944738 -0.706899 0.015545 -0.030790 -0.032412 -0.014306 0.984397 -0.172360
1772976131.346039057 -0.706869 0.015231 -0.031108 -0.032702 -0.014203 0.984401 -0.172287
1772976131.445978165 -0.707475 0.014836 -0.030827 -0.032598 -0.014356 0.984402 -0.172289
1772976131.545736074 -0.707764 0.014585 -0.030531 -0.032639 -0.014327 0.984367 -0.172487
1772976131.645373106 -0.707718 0.014238 -0.031353 -0.032666 -0.014344 0.984347 -0.172593
1772976131.745204210 -0.707325 0.014528 -0.031714 -0.032574 -0.014142 0.984390 -0.172382
1772976131.845314503 -0.707300 0.014579 -0.031303 -0.032430 -0.014149 0.984364 -0.172555
1772976131.945546627 -0.707254 0.015040 -0.030998 -0.032439 -0.014171 0.984394 -0.172379
1772976132.045817614 -0.707519 0.014729 -0.030817 -0.032533 -0.014054 0.984418 -0.172235
1772976132.145832062 -0.707796 0.014619 -0.030230 -0.032606 -0.014431 0.984379 -0.172417
1772976132.246023178 -0.707282 0.014796 -0.030438 -0.032705 -0.014186 0.984385 -0.172382
1772976132.345705986 -0.706765 0.014837 -0.030336 -0.032309 -0.014280 0.984384 -0.172456
1772976132.445710182 -0.706349 0.015135 -0.030440 -0.032437 -0.014115 0.984394 -0.172387
1772976132.545471430 -0.706669 0.015130 -0.029746 -0.032413 -0.014369 0.984376 -0.172471
1772976132.645446301 -0.707267 0.015349 -0.030210 -0.032273 -0.013990 0.984415 -0.172305
1772976132.745513201 -0.707316 0.015123 -0.030667 -0.032671 -0.014206 0.984393 -0.172340
1772976132.845558167 -0.707517 0.014926 -0.030196 -0.032701 -0.014327 0.984397 -0.172302
1772976132.945825815 -0.706957 0.015014 -0.030348 -0.032702 -0.014287 0.984357 -0.172531
1772976133.046163082 -0.706484 0.015425 -0.030425 -0.032440 -0.014262 0.984352 -0.172612
1772976133.146237612 -0.706113 0.015645 -0.030396 -0.032574 -0.014286 0.984388 -0.172380
1772976133.246486664 -0.706315 0.015130 -0.030593 -0.032517 -0.014208 0.984403 -0.172312
1772976133.346515179 -0.706929 0.014655 -0.030769 -0.032205 -0.013781 0.984417 -0.172328
1772976133.446548700 -0.707129 0.014235 -0.031062 -0.032847 -0.014112 0.984386 -0.172355
1772976133.546482563 -0.707247 0.014245 -0.030119 -0.032343 -0.014166 0.984373 -0.172521
1772976133.646424294 -0.706910 0.014726 -0.030208 -0.032498 -0.014117 0.984365 -0.172538
1772976133.746180534 -0.706280 0.015066 -0.030856 -0.032664 -0.014354 0.984361 -0.172514
1772976133.846216440 -0.706538 0.015887 -0.030654 -0.032542 -0.014237 0.984394 -0.172354
1772976133.945852041 -0.706923 0.015495 -0.030431 -0.032449 -0.014315 0.984396 -0.172356
1772976134.045697689 -0.707203 0.014782 -0.030362 -0.032213 -0.013935 0.984389 -0.172474
1772976134.145718336 -0.707200 0.014869 -0.030337 -0.032705 -0.014311 0.984365 -0.172486
1772976134.245733500 -0.706560 0.015375 -0.029698 -0.032655 -0.014457 0.984369 -0.172460
1772976134.345613241 -0.706197 0.015686 -0.029492 -0.032480 -0.014268 0.984373 -0.172487
1772976134.445635080 -0.705814 0.015964 -0.029421 -0.032169 -0.014241 0.984409 -0.172342
1772976134.545801163 -0.706356 0.016498 -0.029916 -0.032449 -0.014244 0.984395 -0.172365
1772976134.645766258 -0.706861 0.016259 -0.029997 -0.032368 -0.014266 0.984437 -0.172140
1772976134.745738983 -0.707393 0.016264 -0.030195 -0.032830 -0.014284 0.984370 -0.172433
1772976134.845777035 -0.707528 0.015773 -0.030596 -0.032614 -0.014272 0.984425 -0.172163
1772976134.945909023 -0.706952 0.016043 -0.030132 -0.032538 -0.014194 0.984361 -0.172547
1772976135.045788527 -0.706875 0.015727 -0.030309 -0.032475 -0.014071 0.984375 -0.172494
1772976135.145999908 -0.707047 0.015601 -0.031202 -0.032567 -0.014215 0.984408 -0.172276
1772976135.246029854 -0.707266 0.015781 -0.030899 -0.032308 -0.013993 0.984426 -0.172236
1772976135.346113205 -0.707697 0.015923 -0.030659 -0.032494 -0.014106 0.984397 -0.172362
1772976135.445885181 -0.707978 0.015826 -0.030436 -0.032345 -0.014122 0.984381 -0.172480
1772976135.545866728 -0.707666 0.015226 -0.030515 -0.032200 -0.014287 0.984388 -0.172450
1772976135.645778418 -0.708169 0.014725 -0.030892 -0.032262 -0.014008 0.984392 -0.172439
1772976135.745807171 -0.709467 0.012510 -0.031323 -0.033147 -0.014001 0.983928 -0.174902
1772976135.846374035 -0.712209 0.017824 -0.030380 -0.032393 -0.015197 0.987013 -0.156604
1772976135.947119236 -0.719155 0.030570 -0.024789 -0.030464 -0.018029 0.992661 -0.115633
1772976136.047409534 -0.725125 0.041630 -0.021559 -0.028476 -0.026053 0.996290 -0.076924
1772976136.147421598 -0.730201 0.051840 -0.020225 -0.025582 -0.035896 0.998241 -0.039637
1772976136.247211933 -0.733532 0.060831 -0.020229 -0.023816 -0.046464 0.998630 -0.003602
1772976136.346871614 -0.736265 0.069066 -0.020021 -0.022049 -0.054848 0.997700 0.033163
1772976136.446489096 -0.737835 0.081239 -0.020243 -0.023518 -0.061817 0.995214 0.071928
1772976136.546114445 -0.736779 0.097499 -0.020088 -0.023240 -0.064289 0.991409 0.111513
1772976136.645847321 -0.730168 0.118946 -0.021454 -0.025477 -0.061284 0.985930 0.153415
1772976136.746218204 -0.718612 0.151626 -0.030452 -0.033492 -0.036025 0.974998 0.216703
1772976136.845128775 -0.717022 0.162036 -0.024034 -0.024297 -0.026808 0.968652 0.245774
1772976136.943847656 -0.720827 0.160373 -0.030423 -0.026897 -0.016783 0.971070 0.236681
1772976137.043200731 -0.721273 0.156302 -0.034345 -0.027333 -0.010350 0.973120 0.228438
1772976137.143138885 -0.721540 0.152227 -0.043004 -0.025561 -0.006558 0.974994 0.220660
1772976137.243463278 -0.725291 0.153680 -0.043398 -0.019708 0.009994 0.974947 0.221335
1772976137.344081879 -0.743192 0.167511 -0.037435 -0.017546 0.018220 0.974339 0.223660
1772976137.444387913 -0.783368 0.177199 -0.029172 -0.015545 0.006758 0.975223 0.220574
1772976137.544925928 -0.832180 0.195601 -0.024920 -0.025077 -0.014170 0.974851 0.220987
1772976137.645312309 -0.876089 0.223312 -0.036068 -0.034496 -0.012768 0.973625 0.225170
1772976137.745550394 -0.925188 0.247449 -0.047716 -0.048919 -0.003477 0.972568 0.227389
1772976137.845820904 -0.974336 0.270148 -0.047446 -0.043775 -0.015634 0.971787 0.231234
1772976137.945801020 -1.016098 0.291583 -0.055759 -0.036515 0.009291 0.973876 0.223933
1772976138.045745373 -1.055551 0.315025 -0.062501 -0.035109 0.028062 0.975022 0.217512
1772976138.146061659 -1.100119 0.346723 -0.064386 -0.037380 0.032086 0.974962 0.216847
1772976138.245988131 -1.137464 0.371733 -0.059982 -0.043516 0.030741 0.974126 0.219634
1772976138.346113682 -1.149378 0.376877 -0.058330 -0.047543 0.024990 0.973281 0.223246
1772976138.446118593 -1.150148 0.375444 -0.056003 -0.045069 0.019347 0.973115 0.225037
1772976138.545859098 -1.151689 0.372846 -0.053396 -0.041556 0.015934 0.973576 0.223983
1772976138.645907879 -1.154946 0.370988 -0.051715 -0.039724 0.014609 0.973835 0.223282
1772976138.745931625 -1.158079 0.369767 -0.050751 -0.039814 0.013715 0.973958 0.222783
1772976138.846075058 -1.159951 0.368046 -0.049840 -0.039428 0.012727 0.974117 0.222215
1772976138.945764542 -1.162106 0.366196 -0.049636 -0.039385 0.012313 0.974291 0.221482
1772976139.045925140 -1.162631 0.365669 -0.049302 -0.039281 0.011807 0.974338 0.221320
1772976139.145680189 -1.164231 0.365407 -0.047738 -0.039246 0.011091 0.974524 0.220542
1772976139.245800257 -1.168006 0.366354 -0.044578 -0.041366 0.006091 0.974802 0.219119
1772976139.347030163 -1.164945 0.373952 -0.043597 -0.039982 0.009322 0.967574 0.249227
1772976139.447550058 -1.160072 0.387399 -0.040505 -0.041904 0.001132 0.956599 0.288377
1772976139.547658682 -1.154492 0.402564 -0.036936 -0.044664 -0.006755 0.944947 0.324092
1772976139.647263288 -1.150287 0.415552 -0.034356 -0.044741 -0.014648 0.932831 0.357225
1772976139.746678829 -1.145615 0.427733 -0.033724 -0.047350 -0.023098 0.919267 0.390093
1772976139.846189976 -1.141282 0.438981 -0.033961 -0.049971 -0.028798 0.904974 0.421539
1772976139.945630550 -1.135208 0.449688 -0.036462 -0.052125 -0.032152 0.889204 0.453393
1772976140.045140028 -1.126337 0.457224 -0.038650 -0.052229 -0.035095 0.872446 0.484643
1772976140.144899368 -1.113742 0.463085 -0.040627 -0.054765 -0.041588 0.854051 0.515624
1772976140.245016813 -1.093680 0.465394 -0.045166 -0.046621 -0.035365 0.831209 0.552872
1772976140.345246792 -1.079519 0.468173 -0.044003 -0.039150 -0.022321 0.805888 0.590351
1772976140.445377827 -1.073860 0.477106 -0.041789 -0.044494 -0.011170 0.784960 0.617845
1772976140.545662880 -1.075954 0.493403 -0.043472 -0.059172 -0.013636 0.757489 0.650018
1772976140.645155907 -1.074438 0.514669 -0.050795 -0.065836 -0.014466 0.748962 0.659175
1772976140.744784594 -1.070808 0.548106 -0.050998 -0.062581 -0.004509 0.745711 0.663309
1772976140.844827652 -1.068061 0.599424 -0.050873 -0.050996 0.003820 0.741469 0.669035
1772976140.944892168 -1.062929 0.651188 -0.047305 -0.030164 0.020346 0.745170 0.665881
1772976141.045161724 -1.055030 0.702370 -0.046337 -0.018226 0.036906 0.748282 0.662103
1772976141.145411491 -1.054673 0.754779 -0.055122 -0.018026 0.044677 0.749755 0.659959
1772976141.245940685 -1.061053 0.804981 -0.043599 -0.022122 0.030916 0.746918 0.663829
1772976141.346401215 -1.075855 0.853152 -0.041904 -0.027030 0.017892 0.745354 0.665880
1772976141.446680069 -1.092746 0.898503 -0.048108 -0.036981 -0.000606 0.745753 0.665195
1772976141.547850132 -1.087418 0.940075 -0.048443 -0.043455 0.001468 0.722424 0.690082
1772976141.648510695 -1.089600 0.955831 -0.049998 -0.049868 -0.005750 0.693616 0.718594
1772976141.748603344 -1.077091 0.957023 -0.048055 -0.053187 -0.010714 0.662380 0.747201
1772976141.847977877 -1.060128 0.955859 -0.041281 -0.052023 -0.017831 0.629610 0.774962
1772976141.947313309 -1.041688 0.955319 -0.037299 -0.045756 -0.014880 0.595507 0.801908
1772976142.046284676 -1.022038 0.955922 -0.034356 -0.042484 -0.013355 0.560142 0.827199
1772976142.145683527 -1.003112 0.954460 -0.036758 -0.047676 -0.009511 0.521497 0.851867
1772976142.245156527 -0.984927 0.949900 -0.036301 -0.040319 -0.004031 0.480878 0.875851
1772976142.344997406 -0.974176 0.947365 -0.035006 -0.033145 -0.012430 0.439766 0.897414
1772976142.445695162 -0.964060 0.947947 -0.043814 -0.038143 -0.030573 0.386289 0.921082
1772976142.544958353 -0.951808 0.946126 -0.044417 -0.051108 -0.033298 0.361840 0.930242
1772976142.644373178 -0.945503 0.946558 -0.034022 -0.045269 -0.029554 0.364063 0.929804
1772976142.744225979 -0.941674 0.951425 -0.022480 -0.035486 -0.023076 0.370652 0.927807
1772976142.844614983 -0.940955 0.956592 -0.013478 -0.022745 -0.021332 0.374219 0.926816
1772976142.945228338 -0.939579 0.969212 -0.018718 -0.017991 -0.027251 0.373455 0.927073
1772976143.045461416 -0.916783 0.992739 -0.024047 -0.025712 -0.032503 0.370749 0.927808
1772976143.145880699 -0.875799 1.022547 -0.027433 -0.024852 -0.020942 0.369128 0.928810
1772976143.246336937 -0.819555 1.043576 -0.033010 -0.031241 0.004333 0.365325 0.930345
1772976143.347352505 -0.782502 1.079593 -0.035279 -0.025922 0.009229 0.352763 0.935308
1772976143.448864698 -0.759579 1.098965 -0.035943 -0.034997 0.026194 0.310804 0.949468
1772976143.549539089 -0.749349 1.109100 -0.033194 -0.038816 0.032471 0.270094 0.961503
1772976143.649501801 -0.745761 1.103016 -0.034041 -0.029014 0.032461 0.227138 0.972889
1772976143.749173403 -0.739703 1.087879 -0.032127 -0.017170 0.029111 0.184766 0.982201
1772976143.848533630 -0.730435 1.071824 -0.028260 -0.008649 0.026629 0.143288 0.989285
1772976143.947925806 -0.721043 1.060630 -0.025094 -0.009811 0.025503 0.099598 0.994653
1772976144.047593117 -0.714876 1.049532 -0.024684 -0.018014 0.024632 0.053741 0.998089
1772976144.147072315 -0.712325 1.035821 -0.025697 -0.023254 0.024005 0.006744 0.999419
1772976144.246832848 -0.714973 1.023461 -0.027550 -0.012456 0.010966 -0.043656 0.998909
1772976144.345771790 -0.698174 1.019759 -0.034258 -0.002069 0.019730 -0.055607 0.998256
1772976144.445486307 -0.666689 1.017421 -0.035084 -0.011810 0.028636 -0.058172 0.997826
1772976144.545458794 -0.624254 1.018887 -0.027584 -0.015843 0.021572 -0.057644 0.997978
1772976144.646003246 -0.577540 1.008937 -0.026915 0.000611 0.017729 -0.052965 0.998439
1772976144.747043848 -0.526825 0.996177 -0.034423 0.012826 0.017893 -0.053231 0.998340
1772976144.848062277 -0.477916 0.991807 -0.038530 0.011013 0.010099 -0.052936 0.998486
1772976144.948947191 -0.429438 0.990322 -0.033186 -0.001197 0.012935 -0.057422 0.998265
1772976145.049304247 -0.380579 0.988358 -0.030344 -0.012407 0.020013 -0.064327 0.997651
1772976145.149124861 -0.322014 0.992556 -0.037079 -0.020125 0.020249 -0.067343 0.997321
1772976145.248509407 -0.264273 0.993760 -0.039433 -0.019925 0.022183 -0.060908 0.997698
1772976145.348367453 -0.220209 0.986538 -0.033061 0.000431 0.011444 -0.057098 0.998303
1772976145.448250294 -0.176632 0.975355 -0.029577 0.019267 0.008349 -0.051359 0.998459
1772976145.548394918 -0.126702 0.957669 -0.032854 0.020594 0.007854 -0.051623 0.998423
1772976145.648807049 -0.077719 0.947231 -0.021577 0.016703 0.007336 -0.058006 0.998150
1772976145.748863697 -0.027160 0.945741 -0.011043 0.009801 0.002622 -0.057187 0.998312
1772976145.849074125 0.021591 0.952828 -0.011824 0.000381 -0.002309 -0.062632 0.998034
1772976145.948650837 0.072043 0.960914 -0.015310 -0.002276 -0.000370 -0.060758 0.998150
1772976146.048402548 0.121517 0.949740 -0.007343 -0.000047 0.001233 -0.055869 0.998437
1772976146.148118258 0.167469 0.942283 -0.001210 0.004422 -0.002663 -0.052650 0.998600
1772976146.247965813 0.215297 0.938057 -0.004123 0.001058 0.000908 -0.050462 0.998725
1772976146.347921848 0.263610 0.934247 -0.004562 0.007193 -0.008185 -0.050765 0.998651
1772976146.448102236 0.310764 0.936803 -0.000355 -0.008655 -0.010350 -0.055543 0.998365
1772976146.548440933 0.354353 0.934770 -0.003803 -0.003295 -0.008401 -0.055600 0.998412
1772976146.648616076 0.404149 0.932160 -0.008125 -0.008599 -0.006261 -0.061263 0.998065
1772976146.748411655 0.460661 0.927577 -0.007282 -0.003961 0.004467 -0.057666 0.998318
1772976146.848253012 0.511443 0.919980 0.001306 0.002280 0.000762 -0.052712 0.998607
1772976146.948214769 0.561537 0.912865 -0.006049 0.012867 -0.005320 -0.045678 0.998859
1772976147.048295975 0.602865 0.915713 -0.016591 0.005860 0.010953 -0.042214 0.999031
1772976147.148329496 0.619841 0.921313 -0.009884 0.006874 0.010035 -0.038833 0.999172
1772976147.248615503 0.622717 0.922541 -0.005280 0.001514 0.010206 -0.040787 0.999115
1772976147.348713636 0.621524 0.925205 0.000326 -0.003277 0.004435 -0.038044 0.999261
1772976147.448743105 0.622622 0.928622 0.004869 -0.007264 0.000488 -0.036396 0.999311
1772976147.548712254 0.623866 0.931263 0.008207 -0.011292 -0.002150 -0.034329 0.999344
1772976147.648653269 0.624107 0.934400 0.009071 -0.014155 -0.003130 -0.031244 0.999407
1772976147.748627186 0.622910 0.936978 0.010327 -0.015470 -0.003751 -0.027893 0.999484
1772976147.848730326 0.621927 0.939413 0.011397 -0.016074 -0.004972 -0.026175 0.999516
1772976147.948673248 0.621990 0.940494 0.011988 -0.016500 -0.004765 -0.025228 0.999534
1772976148.048812151 0.621867 0.940941 0.012663 -0.016455 -0.004665 -0.025218 0.999536
1772976148.148773432 0.621996 0.941294 0.012937 -0.016947 -0.004593 -0.024945 0.999535
1772976148.249107122 0.622675 0.941367 0.012172 -0.016609 -0.004859 -0.024758 0.999544
1772976148.349197865 0.621798 0.941852 0.012568 -0.017057 -0.004712 -0.024563 0.999542
1772976148.449324846 0.621430 0.942211 0.012838 -0.017137 -0.004487 -0.024558 0.999541
1772976148.549474239 0.621466 0.942261 0.013508 -0.016985 -0.004240 -0.024751 0.999540
1772976148.649286985 0.621348 0.941844 0.014047 -0.017127 -0.004985 -0.024717 0.999535
1772976148.749201059 0.620962 0.941369 0.013704 -0.016966 -0.004368 -0.024750 0.999540
1772976148.849076033 0.621175 0.941259 0.013409 -0.017064 -0.004255 -0.024454 0.999546
1772976148.949209213 0.621227 0.941180 0.013183 -0.016847 -0.004754 -0.024479 0.999547
1772976149.049151421 0.620535 0.941302 0.013746 -0.017227 -0.004403 -0.024232 0.999548
