1772976079.345990419 0.000596 -0.000537 0.000056 -0.004714 -0.001054 -0.001932 0.999986
1772976079.445983887 0.001876 -0.000486 0.001414 -0.005081 -0.001549 -0.002175 0.999984
1772976079.546151876 0.001140 -0.000499 0.000187 -0.004309 -0.000886 -0.002032 0.999988
1772976079.646120548 0.001128 -0.000331 0.001146 -0.004907 -0.001249 -0.001903 0.999985
1772976079.746116400 0.000680 -0.001251 0.000616 -0.004658 -0.001010 -0.001678 0.999987
1772976079.846126318 0.000687 -0.001401 0.000704 -0.004727 -0.001752 -0.001790 0.999986
1772976079.946145773 0.000822 -0.001306 0.000872 -0.004724 -0.000818 -0.001880 0.999987
1772976080.046278954 0.000718 -0.000740 0.001924 -0.004806 -0.001261 -0.002168 0.999985
1772976080.146310568 0.001054 -0.000624 0.001348 -0.004652 -0.000841 -0.002056 0.999987
1772976080.246140003 0.000895 -0.000704 0.001099 -0.004528 -0.001090 -0.002015 0.999987
1772976080.345982790 0.000152 -0.000253 0.001216 -0.004808 -0.001426 -0.001851 0.999986
1772976080.445990801 -0.000177 -0.001008 0.000195 -0.004698 -0.001089 -0.001794 0.999987
1772976080.545909643 -0.000071 -0.000537 0.000161 -0.004700 -0.000998 -0.001888 0.999987
1772976080.646072865 0.000536 -0.000284 0.000527 -0.004658 -0.001059 -0.002015 0.999987
1772976080.745984077 0.001109 -0.000232 0.000990 -0.004739 -0.001062 -0.001998 0.999986
1772976080.846033573 0.001662 -0.000799 0.000760 -0.004617 -0.001358 -0.001904 0.999987
1772976080.946063757 0.000748 -0.001317 0.000081 -0.004425 -0.000872 -0.001885 0.999988
1772976081.046157360 0.000564 -0.000931 0.000812 -0.004973 -0.000924 -0.001596 0.999986
1772976081.145931244 0.000833 -0.001071 0.000349 -0.004595 -0.001103 -0.001821 0.999987
1772976081.245902777 0.001188 -0.000889 0.000802 -0.004684 -0.001358 -0.001902 0.999986
1772976081.345958710 0.001657 -0.000968 0.001107 -0.004788 -0.000694 -0.001982 0.999986
1772976081.445907593 0.001588 -0.000700 0.001254 -0.004698 -0.000913 -0.001815 0.999987
1772976081.545719385 0.001618 -0.000989 0.000988 -0.004682 -0.001009 -0.001839 0.999987
1772976081.645809650 0.000695 -0.001227 0.000394 -0.004585 -0.001178 -0.001697 0.999987
1772976081.745621443 0.000756 -0.001075 0.000922 -0.004816 -0.001394 -0.001762 0.999986
1772976081.845622301 0.001515 -0.001075 0.000316 -0.004598 -0.001170 -0.001833 0.999987
1772976081.945803404 0.001890 -0.000407 0.000344 -0.004768 -0.001240 -0.002006 0.999986
1772976082.046049833 0.002041 -0.000200 -0.000045 -0.004319 -0.000821 -0.002054 0.999988
1772976082.145987511 0.001517 -0.000181 0.000563 -0.004589 -0.001431 -0.002003 0.999986
1772976082.245980263 0.000741 -0.001071 0.000855 -0.004536 -0.001162 -0.001969 0.999987
1772976082.345976114 0.000340 -0.001136 0.001049 -0.004874 -0.001339 -0.001585 0.999986
1772976082.445939541 0.000600 -0.000978 0.000892 -0.004726 -0.001062 -0.001926 0.999986
1772976082.545811415 0.001266 -0.000993 0.000765 -0.004729 -0.000849 -0.001916 0.999987
1772976082.645770311 0.001380 -0.000987 0.000476 -0.004904 -0.000600 -0.001952 0.999986
1772976082.745549202 0.001257 -0.001797 0.001042 -0.004585 -0.000523 -0.001712 0.999988
1772976082.845403194 0.001145 -0.001756 0.001731 -0.004736 -0.001387 -0.001687 0.999986
1772976082.945408106 0.000711 -0.002019 0.001079 -0.004692 -0.000997 -0.001626 0.999987
1772976083.045603037 0.000808 -0.001383 0.001148 -0.004677 -0.001392 -0.001792 0.999986
1772976083.145805120 0.001239 -0.001386 0.001275 -0.004745 -0.001220 -0.001850 0.999986
1772976083.245916367 0.001872 -0.001291 0.000492 -0.004498 -0.001196 -0.001854 0.999987
1772976083.345906019 0.001636 -0.000949 -0.000042 -0.004474 -0.000814 -0.001853 0.999988
1772976083.445861816 0.001118 -0.001112 0.000526 -0.004647 -0.000918 -0.001550 0.999988
1772976083.545884609 0.001132 -0.000904 0.000897 -0.004682 -0.001308 -0.001461 0.999987
1772976083.646040916 0.000701 -0.001556 0.000525 -0.004765 -0.001027 -0.001610 0.999987
1772976083.746289015 0.000816 -0.001019 0.000810 -0.004536 -0.001439 -0.001866 0.999987
1772976083.846138477 0.001143 -0.001026 0.000918 -0.004727 -0.001456 -0.002005 0.999986
1772976083.946106434 0.000755 -0.000699 0.001519 -0.004703 -0.000557 -0.001919 0.999987
1772976084.045882463 -0.001458 -0.000955 0.002283 -0.005266 0.000132 -0.001947 0.999984
1772976084.145784616 -0.004456 -0.000288 0.000768 -0.003666 -0.003059 -0.001756 0.999987
1772976084.245785952 0.016599 0.000748 0.004355 -0.001686 -0.004026 -0.004138 0.999982
1772976084.345707178 0.055630 -0.001159 0.005565 -0.003845 -0.003243 -0.006099 0.999969
1772976084.445558548 0.110256 -0.012802 -0.002101 -0.002652 -0.001363 -0.008559 0.999959
1772976084.545256376 0.166110 -0.004220 -0.005044 -0.007116 -0.000975 -0.005506 0.999959
1772976084.645156384 0.204923 0.001544 -0.011302 0.007764 -0.000798 0.001783 0.999968
1772976084.745479822 0.247896 -0.002565 -0.008504 0.019298 0.001446 0.004936 0.999801
1772976084.845901489 0.298370 -0.009234 -0.015557 0.021184 0.005047 0.006216 0.999744
1772976084.946294069 0.345132 0.000431 -0.010681 0.013556 0.001272 -0.001490 0.999906
1772976085.046346664 0.389742 0.008782 -0.002003 0.007357 0.000303 0.001444 0.999972
1772976085.146623373 0.433949 0.013498 0.002364 -0.005699 -0.004392 -0.004812 0.999963
1772976085.246453524 0.481063 0.020099 0.005187 -0.010986 0.001410 -0.004355 0.999929
1772976085.346151829 0.527975 0.021227 0.015223 -0.005375 0.001528 0.005621 0.999969
1772976085.445858002 0.573391 0.018760 0.017999 0.001767 -0.004474 0.008463 0.999953
1772976085.545717239 0.620280 0.015040 0.011988 0.004106 -0.004716 0.012103 0.999907
1772976085.645778894 0.671217 0.012506 0.004936 0.007320 -0.006607 0.011663 0.999883
1772976085.745812178 0.717185 0.020509 0.018740 -0.007470 -0.010240 0.008052 0.999887
1772976085.845879316 0.765741 0.023432 0.020583 -0.007825 -0.010672 0.007883 0.999881
1772976085.946083307 0.812968 0.027261 0.019954 -0.016667 -0.013918 0.002924 0.999760
1772976086.045819044 0.864617 0.028004 0.021508 -0.011466 -0.003039 0.009677 0.999883
1772976086.145698309 0.911810 0.030774 0.032161 -0.007724 -0.006479 0.013730 0.999855
1772976086.245796919 0.955152 0.038841 0.033873 0.002873 -0.013026 0.021248 0.999685
1772976086.345763445 0.999950 0.042615 0.025293 0.001746 -0.007650 0.022834 0.999708
1772976086.445962191 1.027017 0.051726 0.020635 0.001065 -0.000103 0.028587 0.999591
1772976086.546391964 1.032295 0.055026 0.021335 -0.000547 -0.000541 0.027811 0.999613
1772976086.646623373 1.029076 0.054450 0.020622 0.000396 -0.002065 0.027959 0.999607
1772976086.746916294 1.025582 0.050943 0.022396 0.001832 -0.003109 0.026086 0.999653
1772976086.847619534 1.027365 0.038351 0.028330 0.002249 -0.003254 -0.011948 0.999921
1772976086.947890282 1.028427 0.028065 0.032905 0.003991 -0.003314 -0.049478 0.998762
1772976087.047886610 1.031900 0.018076 0.035305 -0.001758 -0.005070 -0.086725 0.996218
1772976087.147235870 1.035716 0.008285 0.034409 -0.008063 -0.004838 -0.123999 0.992238
1772976087.246498585 1.037742 -0.001983 0.034794 -0.014603 -0.002433 -0.160269 0.986962
1772976087.346054792 1.038069 -0.014352 0.037362 -0.020217 -0.001601 -0.197820 0.980029
1772976087.445593596 1.036454 -0.027344 0.038482 -0.021435 -0.002486 -0.235244 0.971697
1772976087.545372248 1.034147 -0.039101 0.037408 -0.027522 -0.002931 -0.273302 0.961530
1772976087.645107031 1.026537 -0.051573 0.032416 -0.031490 0.002890 -0.312013 0.949552
1772976087.745098591 1.004647 -0.066428 0.026840 -0.014579 -0.000462 -0.354841 0.934813
1772976087.845135212 0.985927 -0.078079 0.030690 0.009590 -0.015181 -0.398574 0.916960
1772976087.945741415 0.973989 -0.090402 0.025605 0.005995 -0.004344 -0.440072 0.897932
1772976088.045744419 0.957304 -0.110551 0.027230 0.004748 -0.003102 -0.482699 0.875768
1772976088.145815611 0.939912 -0.126944 0.030575 0.012175 -0.002221 -0.521130 0.853388
1772976088.245788574 0.914194 -0.143605 0.026634 0.018867 0.000392 -0.565050 0.824841
1772976088.345054388 0.918224 -0.163777 0.024612 0.006548 0.010808 -0.584016 0.811644
1772976088.444303751 0.936222 -0.190614 0.029704 -0.003067 0.011926 -0.587508 0.809125
1772976088.544160128 0.953545 -0.237229 0.026895 0.001192 -0.001486 -0.590985 0.806680
1772976088.644121408 0.964129 -0.287180 0.024928 0.014845 -0.007161 -0.586237 0.809972
1772976088.744312763 0.978994 -0.330415 0.022000 0.038319 -0.006929 -0.581813 0.812390
1772976088.844788551 0.988005 -0.382312 0.017067 0.050905 -0.009279 -0.577024 0.815086
1772976088.945257425 1.000209 -0.441990 0.004797 0.063022 -0.008045 -0.573287 0.816887
1772976089.045994520 1.021289 -0.485086 0.011062 0.043904 -0.001455 -0.578661 0.814384
1772976089.146576643 1.039742 -0.524881 0.013810 0.027180 0.007741 -0.584288 0.811054
1772976089.246922016 1.065024 -0.570860 0.015762 0.007006 0.014386 -0.587639 0.808965
1772976089.346340656 1.082413 -0.622643 0.009921 0.011701 0.023636 -0.583181 0.811914
1772976089.446303129 1.102989 -0.662484 0.014873 0.017459 0.008414 -0.578473 0.815471
1772976089.546170950 1.116955 -0.707947 0.018596 0.021729 -0.001070 -0.572994 0.819270
1772976089.646165133 1.128675 -0.756066 0.012291 0.026525 -0.006490 -0.570635 0.820750
1772976089.746350765 1.139801 -0.802595 0.009829 0.026483 -0.006311 -0.574510 0.818045
1772976089.846215963 1.163905 -0.842300 0.019784 0.018759 -0.002988 -0.574002 0.818634
1772976089.946490288 1.181907 -0.883760 0.024757 0.013092 -0.001525 -0.577323 0.816410
1772976090.046204329 1.198386 -0.932079 0.023118 0.005564 0.001028 -0.579427 0.815004
1772976090.145926952 1.220999 -0.980251 0.020509 0.008624 0.007011 -0.572957 0.819510
1772976090.245754957 1.244420 -1.021867 0.019542 0.019473 -0.005968 -0.571132 0.820605
1772976090.345750809 1.260827 -1.064528 0.020990 0.022349 -0.011460 -0.565685 0.824239
1772976090.445995569 1.277945 -1.113056 0.012312 0.024824 -0.007207 -0.563457 0.825741
1772976090.546387196 1.288143 -1.159311 0.022678 0.014238 -0.007294 -0.571000 0.820794
1772976090.646296978 1.306138 -1.202932 0.030224 0.010428 -0.004585 -0.569489 0.821920
1772976090.746460199 1.327771 -1.241228 0.031973 0.004833 -0.002588 -0.573663 0.819073
1772976090.846233368 1.352193 -1.284279 0.028284 0.003138 0.000782 -0.575066 0.818101
1772976090.946167231 1.373654 -1.334562 0.033305 0.013889 0.000873 -0.565291 0.824774
1772976091.046419859 1.385655 -1.386473 0.034526 0.019156 -0.009990 -0.562818 0.826298
1772976091.146667480 1.398668 -1.436973 0.030618 0.023136 -0.015669 -0.558629 0.828947
1772976091.247092485 1.404647 -1.488679 0.023915 0.024946 -0.008930 -0.560407 0.827793
1772976091.346928120 1.426704 -1.529321 0.035090 0.015807 -0.006538 -0.563440 0.825980
1772976091.446830034 1.449152 -1.566917 0.038525 0.015888 -0.007892 -0.562821 0.826389
1772976091.546669006 1.468027 -1.608021 0.041343 0.006441 -0.006928 -0.567596 0.823253
1772976091.646142483 1.491883 -1.660579 0.033179 0.012273 -0.004434 -0.563323 0.826134
1772976091.745833874 1.510361 -1.703295 0.040636 0.013915 -0.005717 -0.561442 0.827379
1772976091.845535994 1.535735 -1.740561 0.035711 0.017778 -0.012169 -0.555978 0.830918
1772976091.945423365 1.551644 -1.785256 0.027101 0.018759 -0.012742 -0.554643 0.831779
1772976092.045688152 1.566041 -1.831382 0.022390 0.021980 -0.007501 -0.557938 0.829558
1772976092.145694971 1.586331 -1.872034 0.033860 0.010554 -0.003677 -0.558891 0.829166
1772976092.245920420 1.602774 -1.912232 0.037672 0.007856 -0.006216 -0.560512 0.828085
1772976092.346134663 1.629564 -1.955442 0.038750 -0.003573 -0.003100 -0.563137 0.826350
1772976092.446002722 1.656671 -2.007383 0.035717 0.008655 0.001718 -0.557126 0.830381
1772976092.546452999 1.671810 -2.052329 0.040313 0.013828 -0.003734 -0.554042 0.832365
1772976092.646825790 1.695793 -2.075243 0.032573 0.017540 0.005619 -0.547420 0.836655
1772976092.747204065 1.701361 -2.078195 0.032533 0.017583 0.008857 -0.544643 0.838437
1772976092.847252369 1.701746 -2.072791 0.036063 0.012601 0.008691 -0.541348 0.840659
1772976092.946938038 1.702237 -2.068251 0.039665 0.008913 0.007081 -0.538422 0.842598
1772976093.046734095 1.703746 -2.065427 0.040493 0.006653 0.006235 -0.535515 0.844477
1772976093.146656036 1.703879 -2.064679 0.040858 0.005807 0.006208 -0.534303 0.845250
1772976093.246414423 1.703487 -2.064936 0.041287 0.005736 0.006449 -0.533818 0.845555
1772976093.346190929 1.703597 -2.064470 0.041816 0.005267 0.006681 -0.533689 0.845638
1772976093.446099520 1.703644 -2.064411 0.042498 0.004888 0.006555 -0.533184 0.845960
1772976093.545746326 1.703207 -2.063426 0.043096 0.004564 0.006993 -0.533024 0.846059
1772976093.645644903 1.703583 -2.062602 0.043273 0.003643 0.006325 -0.532508 0.846393
1772976093.745538712 1.705361 -2.061695 0.043395 0.002387 0.007009 -0.530725 0.847512
1772976093.845579863 1.706550 -2.060165 0.044441 0.001589 0.006559 -0.529711 0.848152
1772976093.945521355 1.706941 -2.059412 0.045288 0.001096 0.006641 -0.528969 0.848614
1772976094.045519590 1.706945 -2.058904 0.045666 0.000684 0.006367 -0.528458 0.848935
1772976094.145651579 1.706655 -2.058604 0.045815 0.000604 0.006782 -0.528124 0.849140
1772976094.245897532 1.706322 -2.058039 0.045102 0.000291 0.006637 -0.528204 0.849092
1772976094.346082926 1.705840 -2.058078 0.045351 0.000127 0.006817 -0.528028 0.849200
1772976094.446111679 1.705479 -2.058734 0.045808 -0.000092 0.006600 -0.528136 0.849134
1772976094.546169043 1.705689 -2.059417 0.045800 -0.000196 0.006732 -0.528058 0.849182
1772976094.646155834 1.705852 -2.060035 0.046446 -0.000290 0.006684 -0.528017 0.849207
1772976094.746186733 1.705870 -2.059719 0.046495 -0.000263 0.006686 -0.527867 0.849301
1772976094.846331835 1.705242 -2.059277 0.046665 -0.000836 0.006372 -0.527866 0.849304
1772976094.946577072 1.704417 -2.060435 0.045322 -0.001029 0.005992 -0.528139 0.849136
1772976095.046252966 1.707611 -2.060945 0.044285 -0.002673 0.006205 -0.521474 0.853240
1772976095.145589352 1.721900 -2.052925 0.048191 -0.003545 0.005125 -0.490401 0.871475
1772976095.245245457 1.736940 -2.044425 0.052425 -0.005180 0.003874 -0.462724 0.886479
1772976095.345221281 1.749053 -2.037171 0.054878 -0.005561 0.004329 -0.437530 0.899176
1772976095.445531607 1.760051 -2.028471 0.056684 -0.005311 0.003786 -0.409910 0.912103
1772976095.545464516 1.772980 -2.015367 0.057293 -0.007358 0.004571 -0.379026 0.925345
1772976095.645715952 1.786354 -2.001592 0.057958 -0.011502 0.004587 -0.347904 0.937448
1772976095.745905638 1.799698 -1.990531 0.058522 -0.012957 0.004636 -0.317806 0.948056
1772976095.846127987 1.815223 -1.976595 0.057645 -0.012333 0.005776 -0.282353 0.959214
1772976095.946199417 1.829841 -1.960533 0.054241 -0.007132 0.006785 -0.245214 0.969419
1772976096.046042919 1.842047 -1.943416 0.050113 -0.005477 0.008293 -0.203015 0.979125
1772976096.145956039 1.850905 -1.926200 0.047441 0.003610 0.008828 -0.162481 0.986666
1772976096.245469570 1.862212 -1.917616 0.047795 0.013527 0.016012 -0.105646 0.994183
1772976096.345318794 1.874173 -1.897166 0.042769 0.023450 0.012505 -0.047286 0.998528
1772976096.445790529 1.879309 -1.876779 0.041909 0.010202 0.015192 -0.001744 0.999831
1772976096.546185970 1.884110 -1.864144 0.048900 0.009143 0.014390 0.039737 0.999065
1772976096.646476746 1.885792 -1.842063 0.051929 0.000167 0.008513 0.083555 0.996467
1772976096.747596502 1.884228 -1.828428 0.053052 0.000305 0.007985 0.099203 0.995035
1772976096.848374844 1.882948 -1.819384 0.051126 -0.004560 0.007150 0.095116 0.995430
1772976096.948569775 1.885735 -1.813245 0.053167 -0.008897 0.000173 0.094244 0.995509
1772976097.047855854 1.915184 -1.816992 0.052091 -0.011816 0.002826 0.096067 0.995301
1772976097.147071362 1.962174 -1.817109 0.048442 -0.003656 -0.001243 0.095829 0.995390
1772976097.246457338 2.010488 -1.805336 0.053744 0.005182 -0.005510 0.099088 0.995050
1772976097.345806837 2.059515 -1.786482 0.054445 -0.000120 -0.003929 0.105199 0.994443
1772976097.445494652 2.112400 -1.762812 0.049548 -0.008820 -0.007275 0.107295 0.994161
1772976097.545674562 2.159572 -1.751222 0.058001 -0.026932 -0.007374 0.105236 0.994055
1772976097.645996094 2.206707 -1.744674 0.058229 -0.027532 -0.001098 0.100778 0.994527
1772976097.746075392 2.252211 -1.726915 0.053859 -0.031698 0.006554 0.097419 0.994717
1772976097.845715284 2.306738 -1.715852 0.054715 -0.038381 0.011374 0.095812 0.994594
1772976097.945524693 2.353710 -1.705974 0.062470 -0.025688 0.007988 0.103008 0.994317
1772976098.045217276 2.401326 -1.696289 0.062477 -0.005116 0.008347 0.110457 0.993833
1772976098.145527601 2.453711 -1.681802 0.050353 0.000746 0.012332 0.111004 0.993743
1772976098.246007919 2.498898 -1.666459 0.052573 0.001295 0.005018 0.110350 0.993879
1772976098.346081257 2.539777 -1.649530 0.057092 -0.008889 0.001100 0.109497 0.993947
1772976098.446300507 2.582882 -1.636325 0.056416 -0.017943 -0.002530 0.104444 0.994366
1772976098.546115637 2.635007 -1.613010 0.051272 -0.026292 -0.008480 0.103043 0.994293
1772976098.645892859 2.672766 -1.601822 0.044284 -0.026629 0.011395 0.110764 0.993425
1772976098.746171951 2.679134 -1.601016 0.052183 -0.029933 0.014362 0.116934 0.992585
1772976098.846415520 2.674644 -1.605999 0.061182 -0.031414 0.009240 0.117998 0.992474
1772976098.946741104 2.671743 -1.607052 0.062881 -0.032589 0.009049 0.115479 0.992734
1772976099.046358585 2.665677 -1.604262 0.063471 -0.028897 0.006495 0.130671 0.990983
1772976099.146497250 2.690774 -1.603264 0.076215 -0.006092 0.001383 0.133848 0.990982
1772976099.246219635 2.733145 -1.585479 0.071273 -0.001200 0.006396 0.138637 0.990322
1772976099.346075773 2.780443 -1.559547 0.061515 -0.004060 0.014067 0.144023 0.989466
1772976099.446261168 2.829383 -1.534071 0.062513 -0.006181 0.004872 0.145423 0.989338
1772976099.546775341 2.876806 -1.516916 0.069362 -0.018093 0.005918 0.143005 0.989539
1772976099.646958113 2.922917 -1.501095 0.067153 -0.021415 0.005208 0.137968 0.990191
1772976099.746919632 2.970825 -1.487314 0.060498 -0.029221 0.006064 0.135286 0.990357
1772976099.846411705 3.021712 -1.473311 0.063972 -0.033438 0.008674 0.142618 0.989175
1772976099.946301699 3.067436 -1.459458 0.068321 -0.016371 0.004257 0.146692 0.989038
1772976100.046055794 3.113889 -1.449419 0.070459 -0.000656 0.003844 0.153216 0.988185
1772976100.145832062 3.163644 -1.434256 0.064592 0.004825 0.003589 0.155865 0.987760
1772976100.245581627 3.204781 -1.410966 0.073664 -0.006476 0.005953 0.156493 0.987640
1772976100.344736338 3.220127 -1.382364 0.078162 -0.034447 0.013575 0.196525 0.979799
1772976100.444700718 3.216952 -1.368213 0.081779 -0.045158 0.009206 0.234795 0.970952
1772976100.545083523 3.207323 -1.356267 0.082444 -0.044205 0.008507 0.266672 0.962735
1772976100.645542383 3.197541 -1.339808 0.082091 -0.045653 0.005726 0.299907 0.952858
1772976100.745943069 3.187790 -1.321532 0.079900 -0.046259 0.005104 0.334479 0.941253
1772976100.846009731 3.177172 -1.305281 0.076404 -0.047093 0.005163 0.369666 0.927956
1772976100.946072340 3.168175 -1.289618 0.073072 -0.048205 0.006001 0.403704 0.913599
1772976101.045980453 3.154805 -1.275039 0.065973 -0.048433 0.011012 0.437715 0.897741
1772976101.145882607 3.139537 -1.264961 0.063094 -0.040013 0.017369 0.477119 0.877756
1772976101.245540380 3.136160 -1.250688 0.066987 -0.033459 0.030283 0.523793 0.850650
1772976101.346547604 3.138251 -1.234146 0.064961 -0.015864 0.030243 0.539248 0.841454
1772976101.447584152 3.137076 -1.229460 0.067352 -0.021917 0.014594 0.541427 0.840335
1772976101.548278809 3.138397 -1.228979 0.064635 -0.033175 0.007967 0.537730 0.842426
1772976101.648160934 3.142602 -1.227781 0.066745 -0.038789 0.000911 0.533569 0.844866
1772976101.747678518 3.133737 -1.221671 0.074753 -0.037049 -0.009968 0.536557 0.842991
1772976101.847185612 3.129067 -1.219854 0.075562 -0.037956 -0.011499 0.539643 0.840959
1772976101.946745157 3.129307 -1.222446 0.076229 -0.037291 -0.011932 0.540037 0.840730
1772976102.046268225 3.128198 -1.224359 0.076106 -0.036993 -0.012610 0.540454 0.840465
1772976102.146209002 3.125530 -1.224638 0.074756 -0.037152 -0.012287 0.540519 0.840421
1772976102.245950937 3.125057 -1.223396 0.076821 -0.028790 -0.013338 0.541249 0.840263
1772976102.345861197 3.133027 -1.204557 0.081117 -0.023027 -0.015169 0.535378 0.844162
1772976102.445499659 3.150680 -1.171109 0.087316 -0.023159 -0.014573 0.532437 0.846028
1772976102.545212746 3.171038 -1.126224 0.073876 -0.029835 -0.005146 0.528890 0.848150
1772976102.644835234 3.190972 -1.075566 0.062185 -0.035528 0.001789 0.531410 0.846367
1772976102.744718790 3.213649 -1.033454 0.066107 -0.012452 0.015333 0.536719 0.843530
1772976102.844824076 3.240489 -0.991972 0.062430 -0.000217 0.027355 0.536816 0.843256
1772976102.945226669 3.265713 -0.945718 0.063142 0.002043 0.028405 0.539716 0.841365
1772976103.045640469 3.282130 -0.900088 0.071967 -0.015647 0.013216 0.537777 0.842838
1772976103.145960569 3.293967 -0.853898 0.073091 -0.028041 0.006139 0.536820 0.843209
1772976103.246274233 3.303823 -0.803907 0.071020 -0.040497 -0.001884 0.533236 0.844995
1772976103.346081495 3.309467 -0.741401 0.067806 -0.036514 0.003759 0.535971 0.843438
1772976103.446146011 3.328963 -0.702948 0.077138 -0.036340 -0.001231 0.542079 0.839540
1772976103.546656847 3.350875 -0.667435 0.079921 -0.021214 0.003128 0.548541 0.835848
1772976103.647264957 3.370227 -0.628740 0.073702 -0.019000 0.005549 0.547854 0.836340
1772976103.747615576 3.386762 -0.582916 0.074353 -0.016573 -0.000413 0.545494 0.837951
1772976103.847386122 3.398690 -0.538159 0.083946 -0.029263 -0.004939 0.544928 0.837958
1772976103.947101355 3.409314 -0.511821 0.083417 -0.044385 -0.004130 0.543674 0.838112
1772976104.046808958 3.411939 -0.502929 0.084264 -0.046351 -0.002252 0.546753 0.836007
1772976104.146361113 3.411043 -0.502780 0.086311 -0.046382 -0.003531 0.548027 0.835166
1772976104.246177673 3.393576 -0.525623 0.081236 -0.046905 0.000608 0.550171 0.833734
1772976104.346089363 3.372270 -0.561483 0.075285 -0.044861 -0.002075 0.554523 0.830956
1772976104.445976496 3.364955 -0.606551 0.080537 -0.044467 -0.000035 0.557547 0.828954
1772976104.546230316 3.348634 -0.651533 0.080576 -0.037414 0.002473 0.556484 0.830012
1772976104.646520138 3.335475 -0.690709 0.077866 -0.033670 0.010797 0.555100 0.831032
1772976104.746399403 3.318292 -0.732616 0.077957 -0.028568 0.006955 0.554812 0.831456
1772976104.845947266 3.298896 -0.769490 0.078553 -0.027202 0.008512 0.557958 0.829379
1772976104.945548058 3.283105 -0.801654 0.080397 -0.037053 0.008564 0.562262 0.826084
1772976105.045644999 3.263802 -0.839036 0.078309 -0.034620 0.006756 0.560671 0.827287
1772976105.145866632 3.250148 -0.875177 0.085370 -0.031486 0.003955 0.558940 0.828601
1772976105.246102810 3.239806 -0.896583 0.090527 -0.021603 -0.003161 0.555225 0.831413
1772976105.346292973 3.232176 -0.897746 0.093055 -0.021918 -0.009809 0.559176 0.828701
1772976105.446355581 3.229650 -0.893188 0.091546 -0.023172 -0.009822 0.561387 0.827171
1772976105.546318054 3.230257 -0.892243 0.090517 -0.023548 -0.009519 0.562241 0.826583
1772976105.646184683 3.229489 -0.893644 0.090520 -0.023444 -0.009959 0.562468 0.826426
1772976105.745998621 3.227193 -0.894358 0.090285 -0.023994 -0.009969 0.562613 0.826312
1772976105.845732450 3.222807 -0.894660 0.089902 -0.024380 -0.011487 0.566111 0.823888
1772976105.944892168 3.208183 -0.891397 0.091889 -0.024977 -0.012384 0.595637 0.802770
1772976106.044723749 3.192605 -0.882936 0.093459 -0.025964 -0.012127 0.619663 0.784345
1772976106.144641638 3.180248 -0.876624 0.092478 -0.026174 -0.011564 0.642516 0.765738
1772976106.244895935 3.162024 -0.873396 0.091817 -0.027599 -0.012001 0.666107 0.745249
1772976106.345125198 3.142921 -0.871248 0.092145 -0.028071 -0.011842 0.689760 0.723397
1772976106.445618629 3.122967 -0.869640 0.092516 -0.031215 -0.015068 0.712484 0.700832
1772976106.546080351 3.100645 -0.866534 0.090915 -0.032904 -0.015707 0.735832 0.676182
1772976106.646221876 3.077423 -0.862812 0.088221 -0.034478 -0.015869 0.760955 0.647694
1772976106.746005535 3.059755 -0.859877 0.085906 -0.034945 -0.011644 0.787373 0.615376
1772976106.845317841 3.031772 -0.856301 0.066521 -0.041095 0.006738 0.820141 0.570644
1772976106.944992542 3.001770 -0.856430 0.067115 -0.035003 0.012312 0.851683 0.522742
1772976107.045119762 2.988786 -0.855205 0.073299 -0.039186 0.002673 0.874424 0.483571
1772976107.145613432 2.975492 -0.857459 0.083719 -0.037891 0.003912 0.893263 0.447918
1772976107.246407509 2.957428 -0.864979 0.084567 -0.030667 0.000662 0.909281 0.415052
1772976107.347921371 2.933317 -0.845060 0.074880 -0.036012 -0.006247 0.907068 0.419395
1772976107.448473930 2.909965 -0.810636 0.058303 -0.042816 0.001858 0.906236 0.420595
1772976107.548238516 2.883712 -0.765996 0.043026 -0.046405 0.013387 0.906601 0.419216
1772976107.647884846 2.849627 -0.733552 0.047984 -0.033999 0.019703 0.910076 0.412575
1772976107.747536182 2.812041 -0.692963 0.047390 -0.039769 0.021608 0.910688 0.410607
1772976107.847387314 2.776212 -0.653824 0.048944 -0.030393 0.018838 0.912977 0.406442
1772976107.947213888 2.739929 -0.623008 0.056971 -0.037944 -0.006058 0.910909 0.410813
1772976108.047125101 2.696695 -0.598863 0.056098 -0.046504 -0.018616 0.908662 0.414516
1772976108.146630526 2.653525 -0.571571 0.046505 -0.053342 -0.031106 0.907683 0.415088
1772976108.246237755 2.614837 -0.533094 0.040952 -0.058894 -0.029544 0.908129 0.413474
1772976108.345992565 2.585845 -0.494545 0.052287 -0.043985 -0.019273 0.911053 0.409483
1772976108.445862055 2.558421 -0.455082 0.054204 -0.032375 0.000153 0.913697 0.405105
1772976108.546136141 2.531784 -0.415559 0.047381 -0.032023 0.010799 0.914033 0.404230
1772976108.646386147 2.502144 -0.378605 0.046415 -0.023517 0.008697 0.913455 0.406167
1772976108.746445179 2.464912 -0.349721 0.058683 -0.025115 -0.007167 0.913310 0.406426
1772976108.846356630 2.434778 -0.320427 0.062361 -0.024986 -0.011032 0.912031 0.409211
1772976108.946223736 2.393686 -0.288521 0.054706 -0.024830 -0.026910 0.909671 0.413712
1772976109.045788288 2.345950 -0.253117 0.048127 -0.036700 -0.017280 0.913298 0.405267
1772976109.145729542 2.314003 -0.217501 0.052563 -0.026152 -0.010720 0.916619 0.398760
1772976109.245971203 2.282592 -0.183870 0.051670 -0.013852 -0.002112 0.919827 0.392074
1772976109.346411943 2.248020 -0.148685 0.037615 -0.008747 -0.001865 0.920080 0.391629
1772976109.446789026 2.214670 -0.114453 0.045528 -0.015194 -0.007473 0.917613 0.397115
1772976109.546678543 2.180136 -0.081236 0.057035 -0.021469 -0.014011 0.918053 0.395628
1772976109.646657467 2.145343 -0.055143 0.055770 -0.020926 -0.016373 0.916411 0.399356
1772976109.746182442 2.104311 -0.028463 0.048456 -0.019060 -0.029429 0.915283 0.401282
1772976109.845474243 2.063584 0.004743 0.040351 -0.030783 -0.014704 0.919350 0.391958
1772976109.945278883 2.033590 0.043249 0.047803 -0.021195 -0.008395 0.922075 0.386340
1772976110.045247316 2.005691 0.079697 0.053484 -0.015409 -0.002885 0.924491 0.380882
1772976110.145374775 1.972164 0.119416 0.048295 -0.016285 -0.003057 0.925220 0.379070
1772976110.245951414 1.935586 0.148524 0.054192 -0.016094 -0.014170 0.922770 0.384755
1772976110.346122742 1.895587 0.178183 0.051347 -0.021135 -0.014116 0.923970 0.381621
1772976110.446479559 1.858945 0.211238 0.046259 -0.022428 -0.015762 0.922265 0.385584
1772976110.546488285 1.821050 0.248503 0.038397 -0.023303 -0.019931 0.922412 0.384989
1772976110.646197081 1.782154 0.286349 0.038720 -0.026985 -0.015508 0.925293 0.377975
1772976110.746172428 1.742942 0.317043 0.036324 -0.018366 -0.003049 0.926905 0.374834
1772976110.846425056 1.709775 0.349158 0.031835 -0.015926 0.002382 0.928688 0.370513
1772976110.946575642 1.673460 0.382049 0.024585 -0.015081 0.002920 0.929183 0.369301
1772976111.046815634 1.633212 0.406125 0.037932 -0.018499 -0.009457 0.927108 0.374218
1772976111.146888256 1.595677 0.437131 0.041352 -0.019137 -0.010651 0.927745 0.372573
1772976111.246892691 1.557746 0.462225 0.037192 -0.021947 -0.019144 0.925935 0.376559
1772976111.346361399 1.515075 0.494246 0.033850 -0.028183 -0.022656 0.926603 0.374299
1772976111.446091175 1.478767 0.525615 0.037602 -0.027449 -0.010974 0.930507 0.365079
1772976111.545916319 1.447703 0.561761 0.039659 -0.017544 -0.003802 0.932311 0.361213
1772976111.645902872 1.414462 0.596254 0.032643 -0.014370 0.000255 0.933243 0.358958
1772976111.746108055 1.377123 0.629079 0.023799 -0.016328 -0.001306 0.932729 0.360205
1772976111.846140623 1.337014 0.657760 0.030568 -0.019981 -0.015527 0.931922 0.361774
1772976111.946230650 1.303278 0.687085 0.032307 -0.018371 -0.012418 0.931498 0.363071
1772976112.046132565 1.263705 0.717485 0.031288 -0.017596 -0.024216 0.930043 0.366229
1772976112.145904303 1.215473 0.749925 0.026031 -0.031251 -0.015894 0.932223 0.360181
1772976112.245974541 1.181288 0.783594 0.036290 -0.021555 -0.011536 0.933859 0.356806
1772976112.346028090 1.144765 0.810606 0.031703 -0.014131 -0.002710 0.936819 0.349520
1772976112.446101665 1.109920 0.841619 0.026074 -0.016739 -0.005735 0.936576 0.350017
1772976112.546378613 1.083798 0.861752 0.026448 -0.024508 0.001451 0.937667 0.346665
1772976112.646559954 1.078290 0.865755 0.025098 -0.027414 0.003158 0.937105 0.347955
1772976112.746609211 1.081243 0.866719 0.025072 -0.025179 0.003306 0.936902 0.348668
1772976112.846445322 1.081680 0.867309 0.023681 -0.024439 0.003576 0.936562 0.349630
1772976112.946231842 1.079842 0.866284 0.020789 -0.024141 0.003975 0.936397 0.350088
1772976113.045329571 1.075365 0.861759 0.019781 -0.024284 -0.001578 0.941333 0.336601
1772976113.144531965 1.065715 0.846406 0.021863 -0.024811 -0.004562 0.952477 0.303565
1772976113.244300604 1.054262 0.828342 0.022436 -0.027127 -0.013093 0.962159 0.270819
1772976113.344588280 1.042412 0.811363 0.023062 -0.030410 -0.019628 0.971145 0.235728
1772976113.444921494 1.032847 0.791891 0.023474 -0.035669 -0.028281 0.979059 0.198423
1772976113.545537710 1.024554 0.770443 0.021477 -0.040489 -0.035421 0.985454 0.161203
1772976113.646182299 1.016599 0.746765 0.019791 -0.046019 -0.048565 0.989645 0.126986
1772976113.746655226 1.009865 0.718576 0.015622 -0.051702 -0.065111 0.992742 0.086891
1772976113.846525431 0.998626 0.699327 0.015166 -0.051074 -0.050868 0.996535 0.041492
1772976113.945915222 0.974350 0.679920 0.004439 -0.060555 -0.029247 0.997622 -0.015124
1772976114.045890570 0.968615 0.652627 0.011322 -0.051886 -0.020589 0.996501 -0.062199
1772976114.147061348 0.971477 0.631388 0.022901 -0.032594 -0.035211 0.994319 -0.095017
1772976114.248275280 0.962935 0.616179 0.034705 -0.003986 -0.057159 0.994508 -0.087583
1772976114.348713636 0.934274 0.594859 0.041638 0.013731 -0.051713 0.993941 -0.096015
1772976114.448626518 0.890701 0.585715 0.042892 0.010969 -0.023682 0.993873 -0.107402
1772976114.548334599 0.848149 0.572441 0.039196 0.006535 -0.017634 0.993722 -0.110284
1772976114.647807598 0.806287 0.563902 0.035107 0.006929 -0.003644 0.993142 -0.116650
1772976114.747297525 0.757648 0.552970 0.032521 0.011726 0.004284 0.993062 -0.116927
1772976114.846760988 0.702307 0.540795 0.027586 -0.007862 -0.009625 0.993423 -0.113824
1772976114.946246386 0.652173 0.524942 0.027569 -0.009736 -0.009113 0.993072 -0.116745
1772976115.045847178 0.608419 0.509407 0.020877 -0.007782 -0.010754 0.993700 -0.111282
1772976115.145448923 0.561482 0.490432 0.013012 -0.012520 -0.012582 0.993677 -0.110860
1772976115.245439053 0.510541 0.474770 0.013389 -0.018384 -0.009387 0.992408 -0.121242
1772976115.345460653 0.469946 0.463852 0.011939 -0.015383 -0.003040 0.991675 -0.127807
1772976115.445841312 0.424020 0.453930 0.009020 -0.014814 -0.000591 0.991175 -0.131729
1772976115.546412706 0.374371 0.443422 0.002346 -0.015981 -0.000890 0.990954 -0.133247
1772976115.646544218 0.330032 0.425615 0.011015 -0.010755 -0.014896 0.991307 -0.130279
1772976115.746836424 0.289320 0.414811 0.010432 -0.015445 -0.008594 0.991530 -0.128670
1772976115.846821308 0.244116 0.398471 0.005389 -0.012057 -0.015766 0.992088 -0.123963
1772976115.946323633 0.191621 0.376687 -0.003577 -0.024110 -0.016516 0.991553 -0.126364
1772976116.046031237 0.146154 0.354328 -0.002158 -0.021841 -0.012878 0.990813 -0.132839
1772976116.145855904 0.103108 0.340778 -0.006191 -0.020118 -0.002960 0.989790 -0.141073
1772976116.245881557 0.060860 0.325164 -0.011166 -0.025322 -0.006416 0.989434 -0.142609
1772976116.346006393 0.015045 0.306793 -0.000986 -0.012017 -0.013463 0.990026 -0.139722
1772976116.445897818 -0.035072 0.289253 0.000950 -0.015832 -0.020764 0.989636 -0.141205
1772976116.546007156 -0.079112 0.274035 -0.004370 -0.018976 -0.019989 0.990339 -0.135900
1772976116.645682335 -0.124802 0.252214 -0.012661 -0.017617 -0.026241 0.990684 -0.132460
1772976116.745183229 -0.173133 0.232559 -0.016414 -0.028563 -0.025483 0.989213 -0.141391
1772976116.845322609 -0.220066 0.223089 -0.013251 -0.021461 -0.012896 0.988915 -0.146360
1772976116.945333242 -0.264568 0.211736 -0.014446 -0.019073 -0.000729 0.988162 -0.152224
1772976117.045668840 -0.312090 0.195775 -0.025472 -0.018818 0.003923 0.987723 -0.155029
1772976117.146273613 -0.356270 0.176960 -0.018042 -0.012445 -0.010367 0.988619 -0.149568
1772976117.246564388 -0.401092 0.161688 -0.017036 -0.016385 -0.007265 0.988521 -0.150018
1772976117.347052813 -0.445465 0.149685 -0.015116 -0.014035 -0.013173 0.989254 -0.144938
1772976117.446903706 -0.492115 0.128685 -0.020512 -0.013582 -0.015753 0.989444 -0.143412
1772976117.546885967 -0.540715 0.106609 -0.016776 -0.019701 -0.015202 0.987893 -0.153128
1772976117.646959066 -0.583775 0.090202 -0.018013 -0.015862 -0.003692 0.987381 -0.157523
1772976117.746832848 -0.627465 0.077562 -0.024387 -0.017835 0.002474 0.986648 -0.161867
1772976117.846838951 -0.676538 0.064934 -0.031617 -0.013882 0.001167 0.986267 -0.164568
1772976117.946818113 -0.713218 0.043028 -0.027748 -0.030367 -0.010679 0.986615 -0.159859
1772976118.046480417 -0.723382 0.035242 -0.028425 -0.037425 -0.011953 0.986614 -0.158272
1772976118.146155596 -0.720587 0.035001 -0.025625 -0.035130 -0.012178 0.986468 -0.159681
1772976118.245929718 -0.718240 0.033639 -0.024113 -0.034440 -0.012143 0.986071 -0.162268
1772976118.345758438 -0.718113 0.031347 -0.023526 -0.034452 -0.012547 0.985789 -0.163939
1772976118.445625544 -0.717564 0.029641 -0.023658 -0.033869 -0.012878 0.985653 -0.164850
1772976118.545570850 -0.717684 0.029210 -0.023536 -0.034042 -0.012896 0.985492 -0.165770
1772976118.645496607 -0.718254 0.029121 -0.023390 -0.033813 -0.012783 0.985497 -0.165799
1772976118.745309353 -0.718342 0.029216 -0.023103 -0.033623 -0.012946 0.985451 -0.166098
1772976118.845312834 -0.718236 0.029493 -0.023548 -0.034071 -0.013083 0.985453 -0.165982
1772976118.945537090 -0.717763 0.029733 -0.023181 -0.033619 -0.013064 0.985421 -0.166269
1772976119.045564651 -0.717559 0.029740 -0.022879 -0.033660 -0.013145 0.985349 -0.166679
1772976119.145778894 -0.717850 0.029755 -0.022647 -0.033643 -0.013203 0.985377 -0.166511
1772976119.246006489 -0.718218 0.028981 -0.022499 -0.033834 -0.013146 0.985329 -0.166763
1772976119.346160173 -0.718137 0.028558 -0.022232 -0.033888 -0.013178 0.985303 -0.166904
1772976119.446388721 -0.718052 0.028544 -0.022839 -0.033812 -0.013018 0.985239 -0.167308
1772976119.546382427 -0.718282 0.028368 -0.022701 -0.033669 -0.013166 0.985221 -0.167430
1772976119.646412373 -0.718057 0.028021 -0.022861 -0.033381 -0.013292 0.985095 -0.168214
1772976119.746202230 -0.717305 0.026642 -0.022866 -0.033238 -0.013496 0.984936 -0.169160
1772976119.846096039 -0.716733 0.025233 -0.022906 -0.033158 -0.013540 0.984702 -0.170525
1772976119.945774794 -0.716572 0.024211 -0.022956 -0.032985 -0.013666 0.984556 -0.171389
1772976120.045493126 -0.716817 0.024519 -0.022561 -0.033019 -0.013836 0.984458 -0.171935
1772976120.145280123 -0.716613 0.024447 -0.022152 -0.032452 -0.013740 0.984467 -0.171994
1772976120.245135307 -0.716654 0.024628 -0.022750 -0.032916 -0.013842 0.984472 -0.171871
1772976120.344995499 -0.716219 0.024389 -0.023097 -0.032539 -0.013804 0.984423 -0.172227
1772976120.444977283 -0.716250 0.024541 -0.022658 -0.032277 -0.013774 0.984474 -0.171989
1772976120.545145750 -0.716231 0.025098 -0.022458 -0.032623 -0.014003 0.984431 -0.172152
1772976120.645223618 -0.716948 0.025015 -0.022519 -0.032611 -0.014109 0.984424 -0.172184
1772976120.745327950 -0.717130 0.024784 -0.022719 -0.032630 -0.014027 0.984444 -0.172073
1772976120.845925808 -0.717121 0.024382 -0.022192 -0.032537 -0.014374 0.984416 -0.172222
1772976120.946259975 -0.717133 0.024577 -0.022562 -0.032603 -0.014063 0.984394 -0.172360
1772976121.046382904 -0.716657 0.024825 -0.023021 -0.032967 -0.014370 0.984394 -0.172265
1772976121.146662951 -0.716756 0.024559 -0.022634 -0.032226 -0.013981 0.984383 -0.172502
1772976121.246635914 -0.716504 0.024768 -0.022438 -0.032332 -0.013834 0.984414 -0.172316
1772976121.346531153 -0.716959 0.024429 -0.023153 -0.032758 -0.014177 0.984404 -0.172266
1772976121.446204185 -0.717668 0.024159 -0.023244 -0.032586 -0.014085 0.984455 -0.172012
1772976121.545815945 -0.717846 0.024110 -0.022810 -0.032404 -0.014123 0.984429 -0.172193
1772976121.645644426 -0.717401 0.024488 -0.021963 -0.032377 -0.014018 0.984424 -0.172236
1772976121.745561123 -0.716949 0.024254 -0.022344 -0.032397 -0.014361 0.984369 -0.172515
1772976121.845820427 -0.717009 0.023910 -0.022476 -0.032392 -0.014352 0.984366 -0.172535
1772976121.945885420 -0.716962 0.023908 -0.022598 -0.032573 -0.014032 0.984414 -0.172255
1772976122.046197891 -0.717397 0.023820 -0.022313 -0.032376 -0.014172 0.984393 -0.172397
1772976122.146018267 -0.717510 0.023700 -0.022072 -0.032348 -0.014039 0.984459 -0.172038
1772976122.245998383 -0.717639 0.023793 -0.022344 -0.032514 -0.014114 0.984389 -0.172402
1772976122.345782042 -0.717076 0.023955 -0.021671 -0.032405 -0.014321 0.984394 -0.172373
1772976122.445772409 -0.716775 0.024080 -0.022082 -0.032388 -0.014371 0.984366 -0.172536
1772976122.545671463 -0.717098 0.024295 -0.022745 -0.032491 -0.014163 0.984410 -0.172282
1772976122.645583630 -0.717246 0.024442 -0.022940 -0.032363 -0.014111 0.984393 -0.172407
1772976122.745632410 -0.717311 0.024128 -0.022492 -0.032223 -0.014137 0.984422 -0.172264
1772976122.845770597 -0.717492 0.024175 -0.022530 -0.032173 -0.014102 0.984403 -0.172388
1772976122.945904255 -0.717447 0.024421 -0.023213 -0.032829 -0.014404 0.984395 -0.172285
1772976123.045895815 -0.716719 0.024453 -0.022490 -0.032592 -0.014159 0.984389 -0.172384
1772976123.146267653 -0.716468 0.024253 -0.022312 -0.032500 -0.014364 0.984358 -0.172562
1772976123.246383905 -0.716850 0.024192 -0.023092 -0.032607 -0.014271 0.984421 -0.172189
1772976123.346487761 -0.716825 0.024039 -0.022770 -0.032366 -0.014261 0.984426 -0.172204
1772976123.446442842 -0.717140 0.023815 -0.022253 -0.032486 -0.014268 0.984429 -0.172166
1772976123.546249866 -0.717368 0.023644 -0.022433 -0.032506 -0.014205 0.984395 -0.172362
1772976123.646118402 -0.717482 0.023418 -0.022690 -0.032367 -0.014369 0.984391 -0.172396
1772976123.745876312 -0.716952 0.023329 -0.022804 -0.032178 -0.013899 0.984399 -0.172424
1772976123.845839262 -0.716624 0.023558 -0.022511 -0.032579 -0.014199 0.984374 -0.172469
1772976123.945921898 -0.716580 0.024247 -0.023005 -0.032543 -0.014236 0.984383 -0.172417
1772976124.046087503 -0.716969 0.023911 -0.023128 -0.032684 -0.014137 0.984416 -0.172213
1772976124.146126986 -0.717294 0.023791 -0.022348 -0.032467 -0.014340 0.984392 -0.172373
1772976124.246110439 -0.717511 0.023740 -0.022276 -0.032668 -0.014229 0.984389 -0.172360
1772976124.346107483 -0.717069 0.023823 -0.022206 -0.032687 -0.014448 0.984393 -0.172315
1772976124.446094513 -0.716852 0.024336 -0.023123 -0.032540 -0.014228 0.984395 -0.172349
1772976124.545853853 -0.716820 0.024105 -0.022742 -0.032653 -0.014352 0.984351 -0.172574
1772976124.645779610 -0.717119 0.024193 -0.022822 -0.032596 -0.014297 0.984364 -0.172515
1772976124.745788336 -0.717554 0.023888 -0.022749 -0.032591 -0.014406 0.984397 -0.172313
1772976124.845709085 -0.717513 0.023782 -0.022644 -0.032168 -0.014009 0.984415 -0.172327
1772976124.945679426 -0.717435 0.023647 -0.022942 -0.032738 -0.014208 0.984389 -0.172351
1772976125.045721531 -0.717341 0.023416 -0.022609 -0.032561 -0.014310 0.984363 -0.172524
1772976125.145481110 -0.717215 0.023282 -0.022746 -0.032311 -0.013954 0.984374 -0.172535
1772976125.245334864 -0.717421 0.023194 -0.022854 -0.032717 -0.014359 0.984327 -0.172698
1772976125.345491409 -0.717523 0.023430 -0.022685 -0.032248 -0.014363 0.984395 -0.172398
1772976125.445704937 -0.718094 0.023323 -0.023442 -0.032627 -0.014145 0.984392 -0.172361
1772976125.545761824 -0.718236 0.023518 -0.023347 -0.032543 -0.014202 0.984405 -0.172295
1772976125.645989656 -0.718306 0.023054 -0.023184 -0.032360 -0.014113 0.984417 -0.172269
1772976125.746076107 -0.717994 0.022975 -0.023535 -0.032581 -0.014160 0.984363 -0.172532
1772976125.845980167 -0.717646 0.023433 -0.023301 -0.032715 -0.014226 0.984377 -0.172425
1772976125.945961475 -0.717452 0.023703 -0.023028 -0.032530 -0.014250 0.984363 -0.172536
1772976126.045937061 -0.717395 0.023936 -0.022522 -0.032098 -0.014072 0.984447 -0.172149
1772976126.145869255 -0.717442 0.024338 -0.022544 -0.032740 -0.014431 0.984411 -0.172205
1772976126.246054649 -0.717630 0.024131 -0.022587 -0.032590 -0.014401 0.984412 -0.172234
1772976126.346075058 -0.717288 0.023775 -0.023202 -0.032599 -0.014214 0.984398 -0.172326
1772976126.446041584 -0.717089 0.023769 -0.023169 -0.032578 -0.014501 0.984330 -0.172692
1772976126.546086550 -0.717065 0.023994 -0.023057 -0.032765 -0.014428 0.984355 -0.172520
1772976126.646231413 -0.716797 0.023870 -0.022584 -0.032351 -0.014446 0.984362 -0.172558
1772976126.746300459 -0.717300 0.023408 -0.022354 -0.032811 -0.014196 0.984356 -0.172525
1772976126.846480131 -0.717498 0.023039 -0.022744 -0.032238 -0.014106 0.984415 -0.172305
1772976126.946492910 -0.717353 0.023194 -0.023487 -0.032580 -0.014227 0.984400 -0.172317
1772976127.046567917 -0.717342 0.023972 -0.023116 -0.032845 -0.014329 0.984367 -0.172448
1772976127.146536589 -0.716985 0.024094 -0.022695 -0.032280 -0.014302 0.984394 -0.172402
1772976127.246653318 -0.717084 0.024066 -0.023306 -0.032097 -0.014000 0.984425 -0.172281
1772976127.346401453 -0.717221 0.024158 -0.023794 -0.032783 -0.014416 0.984361 -0.172486
1772976127.446502686 -0.717021 0.024041 -0.023386 -0.032297 -0.014074 0.984405 -0.172350
1772976127.546353340 -0.716980 0.023918 -0.023454 -0.032746 -0.014211 0.984387 -0.172359
1772976127.646383524 -0.716886 0.023971 -0.023602 -0.032348 -0.013885 0.984410 -0.172329
1772976127.746316433 -0.716534 0.024202 -0.022870 -0.032303 -0.014219 0.984380 -0.172481
1772976127.846192598 -0.716237 0.024312 -0.022537 -0.032258 -0.014097 0.984405 -0.172357
1772976127.946151257 -0.716643 0.024433 -0.022125 -0.032399 -0.014278 0.984401 -0.172338
1772976128.046098232 -0.717117 0.024891 -0.022354 -0.032011 -0.014090 0.984436 -0.172230
1772976128.145649672 -0.717434 0.024823 -0.022444 -0.032423 -0.013921 0.984398 -0.172382
1772976128.245769501 -0.717507 0.024720 -0.022192 -0.032312 -0.014086 0.984410 -0.172322
1772976128.345891953 -0.717491 0.024318 -0.022406 -0.032402 -0.014387 0.984379 -0.172459
1772976128.445871592 -0.717613 0.024170 -0.022653 -0.032561 -0.014457 0.984330 -0.172702
1772976128.545861006 -0.717245 0.024265 -0.022726 -0.032695 -0.014367 0.984325 -0.172708
1772976128.645780325 -0.716914 0.024617 -0.022641 -0.032695 -0.014505 0.984372 -0.172431
1772976128.745849133 -0.716940 0.024956 -0.022637 -0.033119 -0.014437 0.984382 -0.172297
1772976128.845999241 -0.717641 0.024824 -0.022338 -0.032884 -0.014630 0.984373 -0.172376
1772976128.945947886 -0.717849 0.024415 -0.022170 -0.032351 -0.014457 0.984396 -0.172363
1772976129.046154499 -0.717388 0.024283 -0.022932 -0.032460 -0.013686 0.984373 -0.172537
1772976129.146208525 -0.716975 0.024192 -0.022630 -0.032336 -0.013956 0.984377 -0.172513
1772976129.246227264 -0.716537 0.024237 -0.022462 -0.032260 -0.013914 0.984399 -0.172406
1772976129.346224546 -0.717084 0.023677 -0.023174 -0.032394 -0.013905 0.984419 -0.172271
1772976129.446182489 -0.717556 0.023567 -0.023719 -0.032387 -0.013761 0.984421 -0.172267
1772976129.546175480 -0.717661 0.022934 -0.023108 -0.032236 -0.014122 0.984367 -0.172579
1772976129.646002054 -0.717733 0.022502 -0.022565 -0.032230 -0.013940 0.984380 -0.172522
1772976129.746144533 -0.717233 0.022834 -0.022432 -0.032283 -0.014051 0.984327 -0.172800
1772976129.845939159 -0.716648 0.023456 -0.022117 -0.032414 -0.014209 0.984398 -0.172357
1772976129.945917130 -0.716659 0.024132 -0.022144 -0.032210 -0.014254 0.984383 -0.172482
1772976130.045960188 -0.717389 0.023966 -0.022696 -0.032380 -0.014165 0.984400 -0.172356
1772976130.145760536 -0.717692 0.023933 -0.022986 -0.032631 -0.014121 0.984416 -0.172221
1772976130.245969772 -0.717848 0.023791 -0.022646 -0.032538 -0.014124 0.984401 -0.172325
1772976130.346224308 -0.717445 0.024293 -0.022703 -0.032529 -0.014182 0.984361 -0.172553
1772976130.446245670 -0.716762 0.024731 -0.022836 -0.032700 -0.014451 0.984382 -0.172375
1772976130.546466827 -0.716633 0.024187 -0.023522 -0.032348 -0.014313 0.984395 -0.172382
1772976130.646526814 -0.717208 0.023943 -0.023420 -0.032647 -0.014295 0.984366 -0.172491
1772976130.746468306 -0.717427 0.023806 -0.022471 -0.032315 -0.014153 0.984413 -0.172296
1772976130.846281767 -0.717480 0.023843 -0.022486 -0.032265 -0.014130 0.984409 -0.172331
1772976130.946071148 -0.717248 0.023584 -0.022835 -0.032630 -0.014120 0.984381 -0.172425
1772976131.045803785 -0.716814 0.023883 -0.021875 -0.032637 -0.014290 0.984346 -0.172610
1772976131.145682096 -0.716735 0.024211 -0.022300 -0.032609 -0.014286 0.984364 -0.172514
1772976131.245944738 -0.717084 0.024482 -0.023018 -0.032412 -0.014306 0.984397 -0.172360
1772976131.346039057 -0.717057 0.024171 -0.023344 -0.032702 -0.014203 0.984401 -0.172287
1772976131.445978165 -0.717661 0.023773 -0.023058 -0.032598 -0.014356 0.984402 -0.172289
1772976131.545736074 -0.717955 0.023519 -0.022763 -0.032639 -0.014327 0.984367 -0.172487
1772976131.645373106 -0.717912 0.023169 -0.023585 -0.032666 -0.014344 0.984347 -0.172593
1772976131.745204210 -0.717513 0.023467 -0.023949 -0.032574 -0.014142 0.984390 -0.172382
1772976131.845314503 -0.717489 0.023515 -0.023535 -0.032430 -0.014149 0.984364 -0.172555
1772976131.945546627 -0.717441 0.023978 -0.023230 -0.032439 -0.014171 0.984394 -0.172379
1772976132.045817614 -0.717705 0.023672 -0.023053 -0.032533 -0.014054 0.984418 -0.172235
1772976132.145832062 -0.717985 0.023552 -0.022459 -0.032606 -0.014431 0.984379 -0.172417
1772976132.246023178 -0.717472 0.023734 -0.022675 -0.032705 -0.014186 0.984385 -0.172382
1772976132.345705986 -0.716950 0.023772 -0.022564 -0.032309 -0.014280 0.984384 -0.172456
1772976132.445710182 -0.716535 0.024075 -0.022673 -0.032437 -0.014115 0.984394 -0.172387
1772976132.545471430 -0.716856 0.024063 -0.021974 -0.032413 -0.014369 0.984376 -0.172471
1772976132.645446301 -0.717450 0.024292 -0.022443 -0.032273 -0.013990 0.984415 -0.172305
1772976132.745513201 -0.717505 0.024061 -0.022902 -0.032671 -0.014206 0.984393 -0.172340
1772976132.845558167 -0.717706 0.023863 -0.022429 -0.032701 -0.014327 0.984397 -0.172302
1772976132.945825815 -0.717150 0.023947 -0.022583 -0.032702 -0.014287 0.984357 -0.172531
1772976133.046163082 -0.716674 0.024357 -0.022656 -0.032440 -0.014262 0.984352 -0.172612
1772976133.146237612 -0.716301 0.024581 -0.022628 -0.032574 -0.014286 0.984388 -0.172380
1772976133.246486664 -0.716501 0.024069 -0.022825 -0.032517 -0.014208 0.984403 -0.172312
1772976133.346515179 -0.717112 0.023601 -0.023005 -0.032205 -0.013781 0.984417 -0.172328
1772976133.446548700 -0.717321 0.023174 -0.023302 -0.032847 -0.014112 0.984386 -0.172355
1772976133.546482563 -0.717434 0.023181 -0.022350 -0.032343 -0.014166 0.984373 -0.172521
1772976133.646424294 -0.717100 0.023662 -0.022443 -0.032498 -0.014117 0.984365 -0.172538
1772976133.746180534 -0.716472 0.023998 -0.023088 -0.032664 -0.014354 0.984361 -0.172514
1772976133.846216440 -0.716725 0.024825 -0.022886 -0.032542 -0.014237 0.984394 -0.172354
1772976133.945852041 -0.717109 0.024432 -0.022660 -0.032449 -0.014315 0.984396 -0.172356
1772976134.045697689 -0.717388 0.023723 -0.022595 -0.032213 -0.013935 0.984389 -0.172474
1772976134.145718336 -0.717392 0.023803 -0.022571 -0.032705 -0.014311 0.984365 -0.172486
1772976134.245733500 -0.716751 0.024306 -0.021928 -0.032655 -0.014457 0.984369 -0.172460
1772976134.345613241 -0.716385 0.024621 -0.021723 -0.032480 -0.014268 0.984373 -0.172487
1772976134.445635080 -0.715995 0.024903 -0.021647 -0.032169 -0.014241 0.984409 -0.172342
1772976134.545801163 -0.716542 0.025436 -0.022147 -0.032449 -0.014244 0.984395 -0.172365
1772976134.645766258 -0.717042 0.025201 -0.022225 -0.032368 -0.014266 0.984437 -0.172140
1772976134.745738983 -0.717586 0.025199 -0.022431 -0.032830 -0.014284 0.984370 -0.172433
1772976134.845777035 -0.717712 0.024714 -0.022829 -0.032614 -0.014272 0.984425 -0.172163
1772976134.945909023 -0.717143 0.024978 -0.022366 -0.032538 -0.014194 0.984361 -0.172547
1772976135.045788527 -0.717064 0.024665 -0.022544 -0.032475 -0.014071 0.984375 -0.172494
1772976135.145999908 -0.717233 0.024540 -0.023435 -0.032567 -0.014215 0.984408 -0.172276
1772976135.246029854 -0.717448 0.024726 -0.023133 -0.032308 -0.013993 0.984426 -0.172236
1772976135.346113205 -0.717883 0.024862 -0.022893 -0.032494 -0.014106 0.984397 -0.172362
1772976135.445885181 -0.718165 0.024763 -0.022668 -0.032345 -0.014122 0.984381 -0.172480
1772976135.545866728 -0.717849 0.024162 -0.022741 -0.032200 -0.014287 0.984388 -0.172450
1772976135.645778418 -0.718354 0.023666 -0.023124 -0.032262 -0.014008 0.984392 -0.172439
1772976135.745807171 -0.719711 0.021398 -0.023573 -0.033147 -0.014001 0.983928 -0.174902
1772976135.846374035 -0.722097 0.027060 -0.022574 -0.032393 -0.015197 0.987013 -0.156604
1772976135.947119236 -0.728202 0.040528 -0.016852 -0.030464 -0.018029 0.992661 -0.115633
1772976136.047409534 -0.733323 0.052111 -0.013377 -0.028476 -0.026053 0.996290 -0.076924
1772976136.147421598 -0.737532 0.062718 -0.011744 -0.025582 -0.035896 0.998241 -0.039637
1772976136.247211933 -0.740016 0.072005 -0.011449 -0.023816 -0.046464 0.998630 -0.003602
1772976136.346871614 -0.741862 0.080515 -0.010989 -0.022049 -0.054848 0.997700 0.033163
1772976136.446489096 -0.742529 0.092942 -0.011023 -0.023518 -0.061817 0.995214 0.071928
1772976136.546114445 -0.740489 0.109468 -0.010761 -0.023240 -0.064289 0.991409 0.111513
1772976136.645847321 -0.732837 0.131220 -0.012169 -0.025477 -0.061284 0.985930 0.153415
1772976136.746218204 -0.719641 0.164571 -0.021771 -0.033492 -0.036025 0.974998 0.216703
1772976136.845128775 -0.717074 0.175114 -0.015492 -0.024297 -0.026808 0.968652 0.245774
1772976136.943847656 -0.721122 0.173626 -0.022160 -0.026897 -0.016783 0.971070 0.236681
1772976137.043200731 -0.721773 0.169657 -0.026258 -0.027333 -0.010350 0.973120 0.228438
1772976137.143138885 -0.722210 0.165629 -0.035008 -0.025561 -0.006558 0.974994 0.220660
1772976137.243463278 -0.725787 0.167315 -0.035792 -0.019708 0.009994 0.974947 0.221335
1772976137.344081879 -0.743559 0.181261 -0.030032 -0.017546 0.018220 0.974339 0.223660
1772976137.444387913 -0.783835 0.190771 -0.021452 -0.015545 0.006758 0.975223 0.220574
1772976137.544925928 -0.832866 0.208881 -0.016725 -0.025077 -0.014170 0.974851 0.220987
1772976137.645312309 -0.876799 0.236653 -0.027973 -0.034496 -0.012768 0.973625 0.225170
1772976137.745550394 -0.926009 0.260988 -0.039967 -0.048919 -0.003477 0.972568 0.227389
1772976137.845820904 -0.975033 0.283482 -0.039340 -0.043775 -0.015634 0.971787 0.231234
1772976137.945801020 -1.016774 0.305266 -0.048254 -0.036515 0.009291 0.973876 0.223933
1772976138.045745373 -1.056305 0.328964 -0.055490 -0.035109 0.028062 0.975022 0.217512
1772976138.146061659 -1.100907 0.360723 -0.057502 -0.037380 0.032086 0.974962 0.216847
1772976138.245988131 -1.138266 0.385736 -0.053106 -0.043516 0.030741 0.974126 0.219634
1772976138.346113682 -1.150161 0.390818 -0.051327 -0.047543 0.024990 0.973281 0.223246
1772976138.446118593 -1.150871 0.389300 -0.048829 -0.045069 0.019347 0.973115 0.225037
1772976138.545859098 -1.152407 0.386642 -0.046105 -0.041556 0.015934 0.973576 0.223983
1772976138.645907879 -1.155663 0.384759 -0.044375 -0.039724 0.014609 0.973835 0.223282
1772976138.745931625 -1.158815 0.383524 -0.043389 -0.039814 0.013715 0.973958 0.222783
1772976138.846075058 -1.160702 0.381787 -0.042450 -0.039428 0.012727 0.974117 0.222215
1772976138.945764542 -1.162879 0.379930 -0.042235 -0.039385 0.012313 0.974291 0.221482
1772976139.045925140 -1.163409 0.379395 -0.041887 -0.039281 0.011807 0.974338 0.221320
1772976139.145680189 -1.165033 0.379122 -0.040305 -0.039246 0.011091 0.974524 0.220542
1772976139.245800257 -1.168901 0.380001 -0.037031 -0.041366 0.006091 0.974802 0.219119
1772976139.347030163 -1.164965 0.387652 -0.036094 -0.039982 0.009322 0.967574 0.249227
1772976139.447550058 -1.159067 0.400924 -0.032754 -0.041904 0.001132 0.956599 0.288377
1772976139.547658682 -1.152575 0.415850 -0.028948 -0.044664 -0.006755 0.944947 0.324092
1772976139.647263288 -1.147501 0.428528 -0.026118 -0.044741 -0.014648 0.932831 0.357225
1772976139.746678829 -1.142023 0.440340 -0.025229 -0.047350 -0.023098 0.919267 0.390093
1772976139.846189976 -1.136917 0.451211 -0.025281 -0.049971 -0.028798 0.904974 0.421539
1772976139.945630550 -1.130048 0.461508 -0.027650 -0.052125 -0.032152 0.889204 0.453393
1772976140.045140028 -1.120383 0.468569 -0.029713 -0.052229 -0.035095 0.872446 0.484643
1772976140.144899368 -1.107093 0.473858 -0.031477 -0.054765 -0.041588 0.854051 0.515624
1772976140.245016813 -1.085929 0.475505 -0.036128 -0.046621 -0.035365 0.831209 0.552872
1772976140.345246792 -1.070637 0.477598 -0.035269 -0.039150 -0.022321 0.805888 0.590351
1772976140.445377827 -1.064297 0.486066 -0.033289 -0.044494 -0.011170 0.784960 0.617845
1772976140.545662880 -1.065903 0.501626 -0.034792 -0.059172 -0.013636 0.757489 0.650018
1772976140.645155907 -1.064288 0.522692 -0.042043 -0.065836 -0.014466 0.748962 0.659175
1772976140.744784594 -1.060411 0.556095 -0.042508 -0.062581 -0.004509 0.745711 0.663309
1772976140.844827652 -1.057312 0.607222 -0.042648 -0.050996 0.003820 0.741469 0.669035
1772976140.944892168 -1.051817 0.659047 -0.039640 -0.030164 0.020346 0.745170 0.665881
1772976141.045161724 -1.043686 0.710388 -0.039195 -0.018226 0.036906 0.748282 0.662103
1772976141.145411491 -1.043292 0.762933 -0.048194 -0.018026 0.044677 0.749755 0.659959
1772976141.245940685 -1.049779 0.812928 -0.036268 -0.022122 0.030916 0.746918 0.663829
1772976141.346401215 -1.064734 0.860954 -0.034194 -0.027030 0.017892 0.745354 0.665880
1772976141.446680069 -1.081962 0.906223 -0.039855 -0.036981 -0.000606 0.745753 0.665195
1772976141.547850132 -1.076200 0.947124 -0.040168 -0.043455 0.001468 0.722424 0.690082
1772976141.648510695 -1.078038 0.961931 -0.041448 -0.049868 -0.005750 0.693616 0.718594
1772976141.748603344 -1.065184 0.962089 -0.039304 -0.053187 -0.010714 0.662380 0.747201
1772976141.847977877 -1.047946 0.959769 -0.032320 -0.052023 -0.017831 0.629610 0.774962
1772976141.947313309 -1.029129 0.958064 -0.028427 -0.045756 -0.014880 0.595507 0.801908
1772976142.046284676 -1.009256 0.957505 -0.025517 -0.042484 -0.013355 0.560142 0.827199
1772976142.145683527 -0.990253 0.954948 -0.027903 -0.047676 -0.009511 0.521497 0.851867
1772976142.245156527 -0.971964 0.949079 -0.027623 -0.040319 -0.004031 0.480878 0.875851
1772976142.344997406 -0.961449 0.945162 -0.026222 -0.033145 -0.012430 0.439766 0.897414
1772976142.445695162 -0.952037 0.944220 -0.034564 -0.038143 -0.030573 0.386289 0.921082
1772976142.544958353 -0.940147 0.941959 -0.034897 -0.051108 -0.033298 0.361840 0.930242
1772976142.644373178 -0.933715 0.942367 -0.024668 -0.045269 -0.029554 0.364063 0.929804
1772976142.744225979 -0.929648 0.947279 -0.013414 -0.035486 -0.023076 0.370652 0.927807
1772976142.844614983 -0.928781 0.952342 -0.004661 -0.022745 -0.021332 0.374219 0.926816
1772976142.945228338 -0.927475 0.964831 -0.009868 -0.017991 -0.027251 0.373455 0.927073
1772976143.045461416 -0.904845 0.988381 -0.014965 -0.025712 -0.032503 0.370749 0.927808
1772976143.145880699 -0.863681 1.018198 -0.018587 -0.024852 -0.020942 0.369128 0.928810
1772976143.246336937 -0.807114 1.039369 -0.024552 -0.031241 0.004333 0.365325 0.930345
1772976143.347352505 -0.770080 1.074992 -0.027000 -0.025922 0.009229 0.352763 0.935308
1772976143.448864698 -0.747418 1.093505 -0.027800 -0.034997 0.026194 0.310804 0.949468
1772976143.549539089 -0.737643 1.102725 -0.025050 -0.038816 0.032471 0.270094 0.961503
1772976143.649501801 -0.734667 1.095484 -0.026029 -0.029014 0.032461 0.227138 0.972889
1772976143.749173403 -0.729349 1.079233 -0.024251 -0.017170 0.029111 0.184766 0.982201
1772976143.848533630 -0.720880 1.062215 -0.020490 -0.008649 0.026629 0.143288 0.989285
1772976143.947925806 -0.712396 1.050253 -0.017249 -0.009811 0.025503 0.099598 0.994653
1772976144.047593117 -0.707242 1.038556 -0.016606 -0.018014 0.024632 0.053741 0.998089
1772976144.147072315 -0.705776 1.024284 -0.017451 -0.023254 0.024005 0.006744 0.999419
1772976144.246832848 -0.709856 1.011177 -0.019369 -0.012456 0.010966 -0.043656 0.998909
1772976144.345771790 -0.693230 1.007182 -0.026423 -0.002069 0.019730 -0.055607 0.998256
1772976144.445486307 -0.661656 1.004967 -0.027112 -0.011810 0.028636 -0.058172 0.997826
1772976144.545458794 -0.619313 1.006512 -0.019433 -0.015843 0.021572 -0.057644 0.997978
1772976144.646003246 -0.572564 0.996345 -0.019125 0.000611 0.017729 -0.052965 0.998439
1772976144.747043848 -0.521869 0.983394 -0.026938 0.012826 0.017893 -0.053231 0.998340
1772976144.848062277 -0.473070 0.979060 -0.030912 0.011013 0.010099 -0.052936 0.998486
1772976144.948947191 -0.424648 0.977721 -0.025296 -0.001197 0.012935 -0.057422 0.998265
1772976145.049304247 -0.375835 0.975866 -0.022255 -0.012407 0.020013 -0.064327 0.997651
1772976145.149124861 -0.317330 0.980164 -0.028804 -0.020125 0.020249 -0.067343 0.997321
1772976145.248509407 -0.259398 0.981421 -0.031188 -0.019925 0.022183 -0.060908 0.997698
1772976145.348367453 -0.215435 0.973915 -0.025196 0.000431 0.011444 -0.057098 0.998303
1772976145.448250294 -0.171782 0.962500 -0.022148 0.019267 0.008349 -0.051359 0.998459
1772976145.548394918 -0.121868 0.944791 -0.025453 0.020594 0.007854 -0.051623 0.998423
1772976145.648807049 -0.073051 0.934351 -0.014071 0.016703 0.007336 -0.058006 0.998150
1772976145.748863697 -0.022537 0.932978 -0.003314 0.009801 0.002622 -0.057187 0.998312
1772976145.849074125 0.026006 0.940168 -0.003809 0.000381 -0.002309 -0.062632 0.998034
1772976145.948650837 0.076540 0.948311 -0.007250 -0.002276 -0.000370 -0.060758 0.998150
1772976146.048402548 0.126161 0.937145 0.000645 -0.000047 0.001233 -0.055869 0.998437
1772976146.148118258 0.172128 0.929651 0.006709 0.004422 -0.002663 -0.052650 0.998600
1772976146.247965813 0.220071 0.925496 0.003841 0.001058 0.000908 -0.050462 0.998725
1772976146.347921848 0.268226 0.921592 0.003348 0.007193 -0.008185 -0.050765 0.998651
1772976146.448102236 0.315235 0.924362 0.007966 -0.008655 -0.010350 -0.055543 0.998365
1772976146.548440933 0.358850 0.922239 0.004366 -0.003295 -0.008401 -0.055600 0.998412
1772976146.648616076 0.408543 0.919663 0.000151 -0.008599 -0.006261 -0.061263 0.998065
1772976146.748411655 0.465315 0.915025 0.000768 -0.003961 0.004467 -0.057666 0.998318
1772976146.848253012 0.516156 0.907378 0.009242 0.002280 0.000762 -0.052712 0.998607
1772976146.948214769 0.566323 0.900169 0.001691 0.012867 -0.005320 -0.045678 0.998859
1772976147.048295975 0.608000 0.903150 -0.008857 0.005860 0.010953 -0.042214 0.999031
1772976147.148329496 0.625045 0.908769 -0.002165 0.006874 0.010035 -0.038833 0.999172
1772976147.248615503 0.627879 0.910061 0.002569 0.001514 0.010206 -0.040787 0.999115
1772976147.348713636 0.626667 0.912833 0.008356 -0.003277 0.004435 -0.038044 0.999261
1772976147.448743105 0.627745 0.916334 0.013040 -0.007264 0.000488 -0.036396 0.999311
1772976147.548712254 0.629000 0.919065 0.016504 -0.011292 -0.002150 -0.034329 0.999344
1772976147.648653269 0.629302 0.922282 0.017447 -0.014155 -0.003130 -0.031244 0.999407
1772976147.748627186 0.628177 0.924918 0.018742 -0.015470 -0.003751 -0.027893 0.999484
1772976147.848730326 0.627216 0.927382 0.019839 -0.016074 -0.004972 -0.026175 0.999516
1772976147.948673248 0.627305 0.928480 0.020438 -0.016500 -0.004765 -0.025228 0.999534
1772976148.048812151 0.627185 0.928926 0.021112 -0.016455 -0.004665 -0.025218 0.999536
1772976148.148773432 0.627322 0.929290 0.021396 -0.016947 -0.004593 -0.024945 0.999535
1772976148.249107122 0.628001 0.929360 0.020626 -0.016609 -0.004859 -0.024758 0.999544
1772976148.349197865 0.627131 0.929854 0.021030 -0.017057 -0.004712 -0.024563 0.999542
1772976148.449324846 0.626767 0.930215 0.021300 -0.017137 -0.004487 -0.024558 0.999541
1772976148.549474239 0.626802 0.930260 0.021964 -0.016985 -0.004240 -0.024751 0.999540
1772976148.649286985 0.626672 0.929846 0.022515 -0.017127 -0.004985 -0.024717 0.999535
1772976148.749201059 0.626296 0.929368 0.022161 -0.016966 -0.004368 -0.024750 0.999540
1772976148.849076033 0.626518 0.929262 0.021867 -0.017064 -0.004255 -0.024454 0.999546
1772976148.949209213 0.626561 0.929179 0.021641 -0.016847 -0.004754 -0.024479 0.999547
1772976149.049151421 0.625881 0.929311 0.022209 -0.017227 -0.004403 -0.024232 0.999548
