1772811493.878658295 -0.001071 0.000344 -0.000204 -0.026058 -0.007694 -0.001365 0.999630
1772811493.978738070 -0.000616 -0.000198 0.002399 -0.027199 -0.008458 -0.001307 0.999593
1772811494.078662872 -0.000743 -0.000849 0.001824 -0.025423 -0.007129 -0.001261 0.999651
1772811494.178729296 -0.001138 -0.001013 0.003063 -0.026589 -0.007907 -0.001157 0.999615
1772811494.278605461 -0.001152 -0.000958 0.003651 -0.026219 -0.007526 -0.001459 0.999627
1772811494.378695011 -0.001230 -0.000495 0.003624 -0.026328 -0.007638 -0.001293 0.999623
1772811494.478634834 -0.001226 -0.000074 0.003344 -0.026398 -0.007791 -0.001210 0.999620
1772811494.578604221 -0.001337 0.000001 0.003057 -0.026012 -0.007765 -0.001193 0.999631
1772811494.678710222 -0.001346 0.000009 0.002518 -0.026458 -0.007924 -0.001326 0.999618
1772811494.778956175 -0.001249 -0.000004 0.002448 -0.026245 -0.007685 -0.001459 0.999625
1772811494.878829479 -0.001556 0.000094 0.002747 -0.026214 -0.007872 -0.001260 0.999625
1772811494.978785038 -0.001290 0.000182 0.002964 -0.026256 -0.007205 -0.001464 0.999628
1772811495.078959465 -0.001140 0.000673 0.003750 -0.026225 -0.007969 -0.001242 0.999624
1772811495.178798676 -0.000999 0.000417 0.003478 -0.026183 -0.007811 -0.001449 0.999626
1772811495.278749466 -0.000860 0.000521 0.002975 -0.026331 -0.007724 -0.001152 0.999623
1772811495.378797531 -0.000495 0.000179 0.002399 -0.026428 -0.007412 -0.001412 0.999622
1772811495.479003906 -0.000190 -0.000098 0.002444 -0.026138 -0.007854 -0.001325 0.999627
1772811495.578786373 -0.000299 -0.000047 0.002678 -0.026378 -0.007759 -0.001278 0.999621
1772811495.678784609 -0.000274 -0.000110 0.002609 -0.026287 -0.007603 -0.001340 0.999625
1772811495.778766155 -0.000587 -0.000096 0.002408 -0.026409 -0.007803 -0.001221 0.999620
1772811495.878872871 -0.000181 -0.000397 0.002197 -0.026332 -0.007698 -0.001359 0.999623
1772811495.978760719 -0.000409 -0.000463 0.002579 -0.026215 -0.007642 -0.001245 0.999626
1772811496.078815937 -0.000177 -0.000342 0.002649 -0.026364 -0.007816 -0.001271 0.999621
1772811496.178726196 -0.000607 -0.000265 0.003430 -0.026081 -0.007505 -0.001123 0.999631
