1772811493.878658295 -0.006910 0.011924 -0.008910 -0.026058 -0.007694 -0.001365 0.999630
1772811493.978738070 -0.006444 0.011362 -0.006342 -0.027199 -0.008458 -0.001307 0.999593
1772811494.078662872 -0.006595 0.010742 -0.006860 -0.025423 -0.007129 -0.001261 0.999651
1772811494.178729296 -0.006979 0.010556 -0.005658 -0.026589 -0.007907 -0.001157 0.999615
1772811494.278605461 -0.006991 0.010621 -0.005057 -0.026219 -0.007526 -0.001459 0.999627
1772811494.378695011 -0.007071 0.011080 -0.005087 -0.026328 -0.007638 -0.001293 0.999623
1772811494.478634834 -0.007067 0.011499 -0.005371 -0.026398 -0.007791 -0.001210 0.999620
1772811494.578604221 -0.007179 0.011580 -0.005649 -0.026012 -0.007765 -0.001193 0.999631
1772811494.678710222 -0.007183 0.011582 -0.006200 -0.026458 -0.007924 -0.001326 0.999618
1772811494.778956175 -0.007086 0.011574 -0.006262 -0.026245 -0.007685 -0.001459 0.999625
1772811494.878829479 -0.007395 0.011671 -0.005964 -0.026214 -0.007872 -0.001260 0.999625
1772811494.978785038 -0.007135 0.011760 -0.005741 -0.026256 -0.007205 -0.001464 0.999628
1772811495.078959465 -0.006977 0.012250 -0.004963 -0.026225 -0.007969 -0.001242 0.999624
1772811495.178798676 -0.006834 0.011997 -0.005232 -0.026183 -0.007811 -0.001449 0.999626
1772811495.278749466 -0.006704 0.012095 -0.005737 -0.026331 -0.007724 -0.001152 0.999623
1772811495.378797531 -0.006338 0.011753 -0.006312 -0.026428 -0.007412 -0.001412 0.999622
1772811495.479003906 -0.006028 0.011481 -0.006266 -0.026138 -0.007854 -0.001325 0.999627
1772811495.578786373 -0.006139 0.011527 -0.006036 -0.026378 -0.007759 -0.001278 0.999621
1772811495.678784609 -0.006116 0.011466 -0.006101 -0.026287 -0.007603 -0.001340 0.999625
1772811495.778766155 -0.006428 0.011477 -0.006307 -0.026409 -0.007803 -0.001221 0.999620
1772811495.878872871 -0.006020 0.011179 -0.006515 -0.026332 -0.007698 -0.001359 0.999623
1772811495.978760719 -0.006252 0.011114 -0.006130 -0.026215 -0.007642 -0.001245 0.999626
1772811496.078815937 -0.006017 0.011232 -0.006065 -0.026364 -0.007816 -0.001271 0.999621
1772811496.178726196 -0.006455 0.011312 -0.005274 -0.026081 -0.007505 -0.001123 0.999631
