1773563456.550089598 -0.005901 0.011252 -0.008147 -0.019014 -0.001922 -0.000769 0.999817
1773563456.650023937 -0.005315 0.010963 -0.003486 -0.019503 -0.002465 -0.000590 0.999807
1773563456.749994516 -0.005916 0.011302 -0.005377 -0.018852 -0.001252 -0.000675 0.999821
1773563456.849988937 -0.005369 0.010785 -0.004371 -0.019151 -0.001999 -0.000622 0.999814
1773563456.949948311 -0.005178 0.010692 -0.004320 -0.019067 -0.001781 -0.000777 0.999816
1773563457.049772978 -0.005213 0.010614 -0.004263 -0.019017 -0.001885 -0.000703 0.999817
1773563457.149746418 -0.005048 0.010754 -0.004135 -0.019214 -0.001874 -0.000685 0.999813
1773563457.249778271 -0.004954 0.010767 -0.004321 -0.018866 -0.001887 -0.000805 0.999820
1773563457.349619865 -0.004867 0.010824 -0.004207 -0.019094 -0.001765 -0.000669 0.999816
1773563457.449785709 -0.004967 0.010489 -0.004092 -0.019016 -0.001830 -0.000835 0.999817
1773563457.549636602 -0.005100 0.010845 -0.004208 -0.019099 -0.001864 -0.000659 0.999816
1773563457.649630785 -0.005058 0.010850 -0.004205 -0.019063 -0.001802 -0.000828 0.999816
1773563457.749639034 -0.004900 0.010959 -0.004050 -0.019052 -0.001794 -0.000689 0.999817
1773563457.849795103 -0.004884 0.011017 -0.004234 -0.019085 -0.001817 -0.000770 0.999816
1773563457.949696064 -0.004918 0.011135 -0.004219 -0.018920 -0.001894 -0.000753 0.999819
1773563458.049745798 -0.005011 0.011424 -0.004407 -0.019104 -0.001853 -0.000739 0.999816
1773563458.149767399 -0.004905 0.011106 -0.004423 -0.018895 -0.001831 -0.000983 0.999819
1773563458.249730110 -0.004878 0.011195 -0.004431 -0.019141 -0.001880 -0.000594 0.999815
1773563458.349765778 -0.004841 0.010878 -0.004425 -0.018983 -0.001886 -0.000839 0.999818
1773563458.449819088 -0.004790 0.011000 -0.004579 -0.018981 -0.001953 -0.000733 0.999818
1773563458.549732208 -0.004703 0.010659 -0.004482 -0.019036 -0.001969 -0.000722 0.999817
1773563458.649827957 -0.004695 0.010712 -0.004479 -0.018877 -0.001945 -0.000730 0.999820
1773563458.749721289 -0.004737 0.010945 -0.004506 -0.019013 -0.001945 -0.000779 0.999817
1773563458.849714041 -0.004979 0.010862 -0.004534 -0.018905 -0.001878 -0.000815 0.999819
1773563458.949815989 -0.005375 0.011066 -0.004550 -0.019081 -0.001865 -0.000625 0.999816
1773563459.049786329 -0.005527 0.010599 -0.004459 -0.018876 -0.001889 -0.000832 0.999820
1773563459.149916887 -0.005754 0.010994 -0.004468 -0.019029 -0.001826 -0.000681 0.999817
1773563459.249705076 -0.005605 0.010787 -0.004603 -0.018979 -0.001911 -0.000782 0.999818
1773563459.349728584 -0.005707 0.010851 -0.004474 -0.019041 -0.001798 -0.000757 0.999817
1773563459.449741840 -0.005760 0.010676 -0.004495 -0.019064 -0.001957 -0.000703 0.999816
1773563459.549696207 -0.005577 0.010786 -0.004444 -0.019027 -0.001842 -0.000806 0.999817
1773563459.649737120 -0.005575 0.010923 -0.004495 -0.019093 -0.001871 -0.000639 0.999816
1773563459.749829531 -0.005404 0.010611 -0.004439 -0.018965 -0.001791 -0.000874 0.999818
1773563459.849870920 -0.005234 0.011101 -0.004525 -0.019175 -0.001858 -0.000678 0.999814
1773563459.949859381 -0.005222 0.010929 -0.004834 -0.019014 -0.001789 -0.000966 0.999817
1773563460.049741745 -0.005403 0.010985 -0.004381 -0.019055 -0.001938 -0.000768 0.999816
1773563460.149684668 -0.005570 0.010976 -0.004452 -0.019073 -0.001863 -0.000825 0.999816
1773563460.249551773 -0.005636 0.010990 -0.004300 -0.019018 -0.001877 -0.000793 0.999817
1773563460.349474907 -0.005487 0.011158 -0.004261 -0.019145 -0.001885 -0.000793 0.999815
1773563460.449532270 -0.005264 0.010845 -0.004425 -0.019007 -0.001730 -0.000828 0.999818
1773563460.549390316 -0.005120 0.011194 -0.004453 -0.019110 -0.001873 -0.000683 0.999815
1773563460.649609804 -0.004903 0.011231 -0.004532 -0.019016 -0.001916 -0.000858 0.999817
1773563460.749389410 -0.004834 0.011631 -0.004463 -0.019068 -0.001914 -0.000634 0.999816
1773563460.849470615 -0.004991 0.011517 -0.004420 -0.018961 -0.001937 -0.000847 0.999818
1773563460.949472427 -0.005320 0.011312 -0.004378 -0.018942 -0.001860 -0.000705 0.999819
1773563461.049504519 -0.005202 0.011466 -0.004533 -0.019110 -0.001961 -0.000689 0.999815
1773563461.149518967 -0.005177 0.011278 -0.004428 -0.019018 -0.001867 -0.000809 0.999817
1773563461.249420881 -0.005293 0.011395 -0.004413 -0.019101 -0.001878 -0.000663 0.999816
1773563461.349473953 -0.005424 0.011001 -0.004197 -0.018987 -0.001775 -0.000761 0.999818
1773563461.449338913 -0.005883 0.011155 -0.003952 -0.019160 -0.001764 -0.000729 0.999815
1773563461.549614429 -0.005961 0.010687 -0.004028 -0.018988 -0.001825 -0.000722 0.999818
1773563461.649466276 -0.006024 0.011008 -0.003887 -0.019136 -0.001731 -0.000689 0.999815
1773563461.749597788 -0.005941 0.010875 -0.003934 -0.019081 -0.001765 -0.000675 0.999816
1773563461.849397421 -0.006001 0.011035 -0.003928 -0.019043 -0.001768 -0.000902 0.999817
1773563461.949482918 -0.005814 0.011085 -0.003989 -0.019120 -0.001800 -0.000637 0.999815
1773563462.049466372 -0.005704 0.010733 -0.004182 -0.018989 -0.001840 -0.000848 0.999818
1773563462.149571419 -0.005528 0.010949 -0.004057 -0.019183 -0.001809 -0.000616 0.999814
1773563462.249685049 -0.005437 0.010852 -0.004171 -0.018985 -0.001861 -0.000881 0.999818
1773563462.349510908 -0.005408 0.010808 -0.003984 -0.019096 -0.001835 -0.000739 0.999816
1773563462.449588060 -0.005352 0.010822 -0.004173 -0.019068 -0.001760 -0.000732 0.999816
1773563462.549527645 -0.005404 0.011031 -0.004382 -0.019005 -0.001858 -0.000831 0.999817
1773563462.649577856 -0.005039 0.010726 -0.004359 -0.019086 -0.001864 -0.000694 0.999816
1773563462.749536037 -0.005104 0.010722 -0.004277 -0.019060 -0.001762 -0.000888 0.999816
1773563462.849741220 -0.005232 0.010975 -0.004302 -0.019157 -0.001850 -0.000549 0.999815
1773563462.949537754 -0.005250 0.010980 -0.004331 -0.019005 -0.001804 -0.000900 0.999817
1773563463.049550772 -0.005488 0.011397 -0.004417 -0.019081 -0.001900 -0.000675 0.999816
1773563463.149627924 -0.005176 0.011297 -0.004298 -0.019117 -0.001818 -0.000861 0.999815
1773563463.249532223 -0.005141 0.011461 -0.004229 -0.019007 -0.001836 -0.000763 0.999817
1773563463.349587440 -0.005159 0.011208 -0.004257 -0.019129 -0.002012 -0.000757 0.999815
1773563463.449671268 -0.005107 0.010951 -0.004246 -0.019005 -0.001788 -0.000786 0.999817
1773563463.549655437 -0.005381 0.011343 -0.004413 -0.019160 -0.001947 -0.000628 0.999814
1773563463.649650812 -0.005569 0.011366 -0.004436 -0.018883 -0.001872 -0.000880 0.999820
1773563463.749698162 -0.005693 0.011735 -0.004342 -0.019118 -0.001828 -0.000678 0.999815
1773563463.849549294 -0.005632 0.011077 -0.004459 -0.018942 -0.001863 -0.000760 0.999819
1773563463.949707270 -0.005455 0.011148 -0.004405 -0.019092 -0.001900 -0.000564 0.999816
1773563464.049660444 -0.005477 0.011311 -0.004402 -0.019108 -0.001782 -0.000824 0.999815
1773563464.149723291 -0.005482 0.011207 -0.004333 -0.018988 -0.001805 -0.000755 0.999818
1773563464.249686956 -0.005359 0.011287 -0.004335 -0.019216 -0.001825 -0.000609 0.999813
1773563464.349780798 -0.005251 0.011289 -0.004628 -0.018985 -0.001879 -0.000840 0.999818
1773563464.449776888 -0.004783 0.011462 -0.004455 -0.019137 -0.001973 -0.000712 0.999815
1773563464.549576283 -0.004657 0.011187 -0.004150 -0.019026 -0.001839 -0.000855 0.999817
1773563464.749858856 -0.004698 0.011027 -0.003374 -0.019208 -0.001915 -0.000822 0.999813
1773563464.849802971 -0.004909 0.011402 -0.004060 -0.018984 -0.001874 -0.000745 0.999818
1773563464.949797153 -0.004920 0.011442 -0.004078 -0.019193 -0.001902 -0.000727 0.999814
1773563465.049766064 -0.004999 0.011536 -0.004023 -0.019023 -0.001744 -0.000778 0.999817
1773563465.149773121 -0.004999 0.011608 -0.003943 -0.019215 -0.001779 -0.000613 0.999814
1773563465.249778032 -0.004981 0.011440 -0.004085 -0.019068 -0.001779 -0.000901 0.999816
1773563465.349566460 -0.005177 0.011704 -0.004147 -0.019157 -0.001836 -0.000642 0.999815
1773563465.449617863 -0.005434 0.011338 -0.004042 -0.019039 -0.001922 -0.000787 0.999817
1773563465.549537182 -0.005521 0.011615 -0.003911 -0.019060 -0.001770 -0.000590 0.999817
1773563465.649453163 -0.005533 0.011164 -0.003665 -0.019146 -0.001655 -0.000719 0.999815
1773563465.749478579 -0.005596 0.011667 -0.003759 -0.019060 -0.001723 -0.000821 0.999817
