1773563456.550089598 0.000049 -0.000444 0.000327 -0.019014 -0.001922 -0.000769 0.999817
1773563456.650023937 0.000630 -0.000723 0.005005 -0.019503 -0.002465 -0.000590 0.999807
1773563456.749994516 0.000048 -0.000395 0.003084 -0.018852 -0.001252 -0.000675 0.999821
1773563456.849988937 0.000583 -0.000907 0.004107 -0.019151 -0.001999 -0.000622 0.999814
1773563456.949948311 0.000774 -0.001003 0.004153 -0.019067 -0.001781 -0.000777 0.999816
1773563457.049772978 0.000740 -0.001081 0.004210 -0.019017 -0.001885 -0.000703 0.999817
1773563457.149746418 0.000905 -0.000938 0.004343 -0.019214 -0.001874 -0.000685 0.999813
1773563457.249778271 0.000996 -0.000932 0.004149 -0.018866 -0.001887 -0.000805 0.999820
1773563457.349619865 0.001088 -0.000869 0.004266 -0.019094 -0.001765 -0.000669 0.999816
1773563457.449785709 0.000983 -0.001208 0.004380 -0.019016 -0.001830 -0.000835 0.999817
1773563457.549636602 0.000853 -0.000848 0.004267 -0.019099 -0.001864 -0.000659 0.999816
1773563457.649630785 0.000893 -0.000846 0.004268 -0.019063 -0.001802 -0.000828 0.999816
1773563457.749639034 0.001054 -0.000736 0.004423 -0.019052 -0.001794 -0.000689 0.999817
1773563457.849795103 0.001068 -0.000678 0.004240 -0.019085 -0.001817 -0.000770 0.999816
1773563457.949696064 0.001033 -0.000562 0.004252 -0.018920 -0.001894 -0.000753 0.999819
1773563458.049745798 0.000941 -0.000270 0.004068 -0.019104 -0.001853 -0.000739 0.999816
1773563458.149767399 0.001042 -0.000594 0.004047 -0.018895 -0.001831 -0.000983 0.999819
1773563458.249730110 0.001077 -0.000497 0.004045 -0.019141 -0.001880 -0.000594 0.999815
1773563458.349765778 0.001108 -0.000819 0.004047 -0.018983 -0.001886 -0.000839 0.999818
1773563458.449819088 0.001161 -0.000696 0.003894 -0.018981 -0.001953 -0.000733 0.999818
1773563458.549732208 0.001248 -0.001036 0.003992 -0.019036 -0.001969 -0.000722 0.999817
1773563458.649827957 0.001256 -0.000986 0.003992 -0.018877 -0.001945 -0.000730 0.999820
1773563458.749721289 0.001212 -0.000751 0.003968 -0.019013 -0.001945 -0.000779 0.999817
1773563458.849714041 0.000971 -0.000836 0.003936 -0.018905 -0.001878 -0.000815 0.999819
1773563458.949815989 0.000579 -0.000627 0.003924 -0.019081 -0.001865 -0.000625 0.999816
1773563459.049786329 0.000422 -0.001100 0.004011 -0.018876 -0.001889 -0.000832 0.999820
1773563459.149916887 0.000200 -0.000701 0.004005 -0.019029 -0.001826 -0.000681 0.999817
1773563459.249705076 0.000345 -0.000910 0.003870 -0.018979 -0.001911 -0.000782 0.999818
1773563459.349728584 0.000245 -0.000844 0.003999 -0.019041 -0.001798 -0.000757 0.999817
1773563459.449741840 0.000191 -0.001018 0.003980 -0.019064 -0.001957 -0.000703 0.999816
1773563459.549696207 0.000373 -0.000910 0.004029 -0.019027 -0.001842 -0.000806 0.999817
1773563459.649737120 0.000379 -0.000771 0.003980 -0.019093 -0.001871 -0.000639 0.999816
1773563459.749829531 0.000546 -0.001087 0.004032 -0.018965 -0.001791 -0.000874 0.999818
1773563459.849870920 0.000719 -0.000591 0.003952 -0.019175 -0.001858 -0.000678 0.999814
1773563459.949859381 0.000726 -0.000770 0.003638 -0.019014 -0.001789 -0.000966 0.999817
1773563460.049741745 0.000546 -0.000710 0.004093 -0.019055 -0.001938 -0.000768 0.999816
1773563460.149684668 0.000379 -0.000720 0.004022 -0.019073 -0.001863 -0.000825 0.999816
1773563460.249551773 0.000314 -0.000706 0.004173 -0.019018 -0.001877 -0.000793 0.999817
1773563460.349474907 0.000463 -0.000536 0.004216 -0.019145 -0.001885 -0.000793 0.999815
1773563460.449532270 0.000688 -0.000852 0.004046 -0.019007 -0.001730 -0.000828 0.999818
1773563460.549390316 0.000833 -0.000500 0.004023 -0.019110 -0.001873 -0.000683 0.999815
1773563460.649609804 0.001045 -0.000465 0.003941 -0.019016 -0.001916 -0.000858 0.999817
1773563460.749389410 0.001120 -0.000062 0.004012 -0.019068 -0.001914 -0.000634 0.999816
1773563460.849470615 0.000957 -0.000180 0.004052 -0.018961 -0.001937 -0.000847 0.999818
1773563460.949472427 0.000633 -0.000384 0.004094 -0.018942 -0.001860 -0.000705 0.999819
1773563461.049504519 0.000749 -0.000228 0.003944 -0.019110 -0.001961 -0.000689 0.999815
1773563461.149518967 0.000773 -0.000419 0.004045 -0.019018 -0.001867 -0.000809 0.999817
1773563461.249420881 0.000660 -0.000298 0.004062 -0.019101 -0.001878 -0.000663 0.999816
1773563461.349473953 0.000529 -0.000695 0.004275 -0.018987 -0.001775 -0.000761 0.999818
1773563461.449338913 0.000070 -0.000538 0.004523 -0.019160 -0.001764 -0.000729 0.999815
1773563461.549614429 -0.000008 -0.001008 0.004444 -0.018988 -0.001825 -0.000722 0.999818
1773563461.649466276 -0.000068 -0.000685 0.004587 -0.019136 -0.001731 -0.000689 0.999815
1773563461.749597788 0.000014 -0.000819 0.004539 -0.019081 -0.001765 -0.000675 0.999816
1773563461.849397421 -0.000052 -0.000662 0.004545 -0.019043 -0.001768 -0.000902 0.999817
1773563461.949482918 0.000141 -0.000608 0.004486 -0.019120 -0.001800 -0.000637 0.999815
1773563462.049466372 0.000246 -0.000965 0.004290 -0.018989 -0.001840 -0.000848 0.999818
1773563462.149571419 0.000428 -0.000742 0.004419 -0.019183 -0.001809 -0.000616 0.999814
1773563462.249685049 0.000512 -0.000846 0.004301 -0.018985 -0.001861 -0.000881 0.999818
1773563462.349510908 0.000545 -0.000886 0.004491 -0.019096 -0.001835 -0.000739 0.999816
1773563462.449588060 0.000602 -0.000873 0.004300 -0.019068 -0.001760 -0.000732 0.999816
1773563462.549527645 0.000545 -0.000665 0.004091 -0.019005 -0.001858 -0.000831 0.999817
1773563462.649577856 0.000914 -0.000968 0.004116 -0.019086 -0.001864 -0.000694 0.999816
1773563462.749536037 0.000846 -0.000974 0.004195 -0.019060 -0.001762 -0.000888 0.999816
1773563462.849741220 0.000724 -0.000716 0.004174 -0.019157 -0.001850 -0.000549 0.999815
1773563462.949537754 0.000699 -0.000717 0.004141 -0.019005 -0.001804 -0.000900 0.999817
1773563463.049550772 0.000465 -0.000297 0.004058 -0.019081 -0.001900 -0.000675 0.999816
1773563463.149627924 0.000774 -0.000398 0.004177 -0.019117 -0.001818 -0.000861 0.999815
1773563463.249532223 0.000811 -0.000235 0.004244 -0.019007 -0.001836 -0.000763 0.999817
1773563463.349587440 0.000790 -0.000486 0.004221 -0.019129 -0.002012 -0.000757 0.999815
1773563463.449671268 0.000845 -0.000745 0.004226 -0.019005 -0.001788 -0.000786 0.999817
1773563463.549655437 0.000572 -0.000349 0.004064 -0.019160 -0.001947 -0.000628 0.999814
1773563463.649650812 0.000379 -0.000333 0.004034 -0.018883 -0.001872 -0.000880 0.999820
1773563463.749698162 0.000261 0.000042 0.004133 -0.019118 -0.001828 -0.000678 0.999815
1773563463.849549294 0.000319 -0.000620 0.004012 -0.018942 -0.001863 -0.000760 0.999819
1773563463.949707270 0.000500 -0.000545 0.004070 -0.019092 -0.001900 -0.000564 0.999816
1773563464.049660444 0.000474 -0.000384 0.004072 -0.019108 -0.001782 -0.000824 0.999815
1773563464.149723291 0.000470 -0.000490 0.004139 -0.018988 -0.001805 -0.000755 0.999818
1773563464.249686956 0.000597 -0.000404 0.004142 -0.019216 -0.001825 -0.000609 0.999813
1773563464.349780798 0.000698 -0.000408 0.003844 -0.018985 -0.001879 -0.000840 0.999818
1773563464.449776888 0.001167 -0.000231 0.004023 -0.019137 -0.001973 -0.000712 0.999815
1773563464.549576283 0.001292 -0.000510 0.004323 -0.019026 -0.001839 -0.000855 0.999817
1773563464.749858856 0.001251 -0.000666 0.005104 -0.019208 -0.001915 -0.000822 0.999813
1773563464.849802971 0.001043 -0.000294 0.004412 -0.018984 -0.001874 -0.000745 0.999818
1773563464.949797153 0.001031 -0.000250 0.004399 -0.019193 -0.001902 -0.000727 0.999814
1773563465.049766064 0.000954 -0.000160 0.004449 -0.019023 -0.001744 -0.000778 0.999817
1773563465.149773121 0.000957 -0.000082 0.004533 -0.019215 -0.001779 -0.000613 0.999814
1773563465.249778032 0.000969 -0.000257 0.004388 -0.019068 -0.001779 -0.000901 0.999816
1773563465.349566460 0.000778 0.000012 0.004329 -0.019157 -0.001836 -0.000642 0.999815
1773563465.449617863 0.000516 -0.000358 0.004432 -0.019039 -0.001922 -0.000787 0.999817
1773563465.549537182 0.000436 -0.000078 0.004562 -0.019060 -0.001770 -0.000590 0.999817
1773563465.649453163 0.000423 -0.000530 0.004808 -0.019146 -0.001655 -0.000719 0.999815
1773563465.749478579 0.000356 -0.000029 0.004714 -0.019060 -0.001723 -0.000821 0.999817
