1772811538.178696394 -0.000735 -0.000249 -0.000604 -0.025504 -0.006338 -0.001808 0.999653
1772811538.278687954 0.000233 -0.000622 0.002229 -0.026563 -0.007089 -0.001816 0.999620
1772811538.378705025 0.000782 -0.001005 0.001241 -0.025158 -0.006085 -0.001841 0.999663
1772811538.478718519 0.001065 -0.000997 0.001797 -0.026197 -0.006625 -0.001621 0.999634
1772811538.578814983 0.001491 -0.001406 0.002245 -0.025633 -0.006344 -0.001841 0.999650
1772811538.678943157 0.001971 -0.001527 0.002440 -0.026274 -0.006445 -0.001718 0.999633
1772811538.779038668 0.002306 -0.001965 0.002481 -0.025989 -0.006449 -0.001693 0.999640
1772811538.878893614 0.002217 -0.001638 0.002243 -0.025950 -0.006718 -0.001644 0.999639
1772811538.979044914 0.002122 -0.001569 0.002004 -0.025851 -0.006657 -0.001806 0.999642
1772811539.078857183 0.001897 -0.001571 0.001864 -0.025852 -0.006409 -0.001752 0.999644
1772811539.178839684 0.001602 -0.001181 0.002071 -0.026060 -0.006640 -0.001715 0.999637
1772811539.278882742 0.001656 -0.001353 0.001879 -0.025933 -0.006291 -0.001849 0.999642
1772811539.378758669 0.001406 -0.001333 0.001955 -0.025868 -0.006442 -0.001702 0.999643
1772811539.478687048 0.001592 -0.001532 0.001915 -0.025812 -0.006405 -0.001663 0.999645
1772811539.578689575 0.001364 -0.001172 0.002415 -0.025971 -0.006478 -0.001691 0.999640
1772811539.678651333 0.001502 -0.000933 0.002475 -0.025747 -0.006082 -0.001840 0.999648
1772811539.778613806 0.001251 -0.000738 0.002704 -0.025745 -0.006258 -0.001671 0.999648
1772811539.878546476 0.001196 -0.000560 0.002524 -0.025884 -0.006297 -0.001703 0.999644
1772811539.978724241 0.001141 -0.000387 0.002295 -0.025493 -0.006361 -0.001882 0.999653
1772811540.078725815 0.001008 -0.000237 0.001988 -0.025800 -0.006482 -0.001793 0.999644
1772811540.178688049 0.001228 -0.000467 0.001963 -0.025709 -0.006471 -0.001941 0.999647
1772811540.278644562 0.001028 -0.000449 0.002547 -0.026132 -0.006444 -0.001631 0.999636
1772811540.378807306 0.001349 -0.000707 0.002496 -0.025734 -0.006305 -0.001955 0.999647
1772811540.478661060 0.001561 -0.000630 0.002605 -0.025931 -0.006403 -0.001721 0.999642
1772811540.578605175 0.001653 -0.000675 0.002186 -0.026032 -0.006366 -0.001836 0.999639
1772811540.678679943 0.001742 -0.000632 0.002189 -0.025645 -0.006268 -0.001762 0.999650
1772811540.778618574 0.001742 -0.000559 0.002217 -0.025715 -0.006458 -0.001812 0.999647
1772811540.878577471 0.001507 -0.000851 0.002394 -0.025708 -0.006181 -0.001764 0.999649
1772811540.978616714 0.001346 -0.000678 0.002058 -0.025955 -0.006504 -0.001662 0.999641
1772811541.078534126 0.001442 -0.000517 0.001794 -0.025822 -0.006504 -0.001849 0.999644
1772811541.178550482 0.001147 -0.000421 0.002015 -0.025667 -0.006449 -0.001905 0.999648
1772811541.278390408 0.001400 -0.000558 0.001943 -0.026006 -0.006260 -0.001892 0.999640
1772811541.378348351 0.001185 -0.001007 0.002132 -0.025750 -0.006376 -0.001824 0.999646
1772811541.478404045 0.001390 -0.000965 0.002161 -0.025989 -0.006369 -0.001568 0.999641
1772811541.578452826 0.001848 -0.001194 0.002255 -0.025805 -0.006153 -0.001741 0.999647
1772811541.678656101 0.001564 -0.001126 0.002576 -0.026039 -0.006467 -0.001906 0.999638
1772811541.778557301 0.001619 -0.001214 0.002442 -0.025620 -0.006216 -0.001813 0.999651
1772811541.878579855 0.001437 -0.001136 0.002245 -0.025880 -0.006102 -0.001728 0.999645
1772811541.978746653 0.001802 -0.001150 0.002565 -0.025783 -0.006255 -0.001792 0.999646
1772811542.078696251 0.001921 -0.001029 0.002848 -0.025833 -0.006359 -0.001784 0.999644
1772811542.178766012 0.002043 -0.001170 0.002510 -0.025968 -0.006230 -0.001928 0.999641
1772811542.278761387 0.002187 -0.001440 0.002255 -0.025950 -0.006148 -0.001810 0.999643
1772811542.378795862 0.002113 -0.001242 0.002036 -0.026022 -0.006601 -0.001702 0.999638
1772811542.478777409 0.002377 -0.001457 0.001918 -0.025683 -0.006302 -0.001690 0.999649
1772811542.578951120 0.002009 -0.001492 0.002067 -0.026073 -0.006391 -0.001500 0.999638
1772811542.678860426 0.001890 -0.001574 0.002137 -0.025911 -0.006460 -0.001718 0.999642
1772811542.778835297 0.001470 -0.001265 0.002054 -0.025998 -0.006513 -0.001675 0.999639
1772811542.878814220 0.001254 -0.000998 0.001760 -0.025837 -0.006259 -0.001757 0.999645
1772811542.978881359 0.001280 -0.000783 0.001804 -0.026028 -0.006437 -0.001889 0.999639
1772811543.078835964 0.000903 -0.000487 0.002239 -0.026008 -0.006325 -0.001917 0.999640
1772811543.178740263 0.000978 -0.000468 0.002093 -0.025816 -0.006219 -0.001906 0.999646
1772811543.278752089 0.000105 -0.000309 0.002472 -0.026063 -0.006391 -0.001856 0.999638
1772811543.378692150 0.000376 -0.000505 0.002514 -0.026011 -0.006312 -0.001792 0.999640
1772811543.478735685 0.000053 -0.000757 0.002144 -0.025726 -0.006378 -0.001742 0.999647
1772811543.578839302 0.000438 -0.000921 0.001654 -0.025810 -0.006331 -0.001759 0.999645
1772811543.678989410 0.001140 -0.000787 0.001248 -0.025784 -0.006536 -0.001815 0.999645
1772811543.779117346 0.001720 -0.000473 0.001563 -0.026101 -0.006655 -0.001835 0.999635
1772811543.879090309 0.002064 -0.000705 0.001671 -0.025843 -0.006286 -0.001997 0.999644
1772811543.979033232 0.002031 -0.000656 0.001657 -0.025812 -0.006265 -0.001778 0.999646
1772811544.078972578 0.002444 -0.001326 0.001352 -0.025901 -0.006561 -0.001912 0.999641
1772811544.178946495 0.002333 -0.001217 0.001597 -0.026294 -0.006302 -0.001678 0.999633
1772811544.278881311 0.002338 -0.001637 0.001811 -0.025631 -0.006439 -0.001930 0.999649
1772811544.378752947 0.002061 -0.001300 0.002341 -0.025997 -0.006347 -0.001851 0.999640
1772811544.478613615 0.002290 -0.001277 0.002079 -0.025963 -0.006605 -0.001721 0.999640
1772811544.578702927 0.002544 -0.001448 0.001578 -0.025857 -0.006229 -0.001838 0.999645
1772811544.678673744 0.002316 -0.001494 0.001524 -0.026197 -0.006388 -0.001771 0.999635
1772811544.778466225 0.001976 -0.001418 0.001786 -0.025788 -0.006510 -0.001956 0.999644
1772811544.878419161 0.001538 -0.001049 0.001626 -0.026167 -0.006458 -0.001791 0.999635
1772811544.978433132 0.001660 -0.000922 0.001414 -0.025683 -0.006417 -0.001995 0.999648
1772811545.078525305 0.001487 -0.000672 0.001743 -0.025848 -0.006687 -0.001853 0.999642
1772811545.178603172 0.001404 -0.000704 0.001668 -0.025531 -0.006520 -0.001776 0.999651
1772811545.278557301 0.001336 -0.000640 0.001960 -0.025798 -0.006387 -0.001990 0.999645
1772811545.378563404 0.001385 -0.000520 0.002378 -0.025939 -0.006582 -0.001683 0.999640
1772811545.478549719 0.001255 -0.000549 0.002527 -0.025816 -0.006344 -0.001846 0.999645
1772811545.578464746 0.000830 -0.000523 0.002392 -0.025963 -0.006309 -0.001834 0.999641
1772811545.678426504 0.000818 -0.000709 0.002335 -0.025625 -0.006205 -0.001865 0.999651
1772811545.778426647 0.000683 -0.000633 0.002241 -0.025954 -0.006477 -0.001849 0.999640
1772811545.878376722 0.001115 -0.000573 0.002056 -0.025852 -0.006360 -0.001874 0.999644
1772811545.978534222 0.001392 -0.000708 0.001753 -0.025907 -0.006261 -0.001808 0.999643
1772811546.078428030 0.001542 -0.000618 0.001474 -0.025638 -0.006502 -0.001817 0.999648
1772811546.178488731 0.001864 -0.000554 0.001883 -0.025802 -0.006558 -0.001858 0.999644
1772811546.278577089 0.001687 -0.000503 0.001954 -0.025783 -0.006697 -0.001892 0.999643
1772811546.378486156 0.001949 -0.000975 0.001939 -0.025677 -0.006339 -0.001939 0.999648
1772811546.478462934 0.001668 -0.000850 0.002134 -0.026138 -0.006625 -0.001645 0.999635
1772811546.578441381 0.001454 -0.001078 0.002353 -0.025652 -0.006313 -0.001828 0.999649
1772811546.678442478 0.001061 -0.001037 0.002142 -0.026077 -0.006142 -0.001683 0.999640
1772811546.778447151 0.001159 -0.001262 0.001680 -0.025657 -0.006576 -0.001880 0.999647
1772811546.878358364 0.001442 -0.001592 0.001687 -0.026080 -0.006556 -0.001898 0.999637
1772811546.978468418 0.001560 -0.001733 0.001643 -0.025999 -0.006711 -0.001971 0.999637
1772811547.078438997 0.001921 -0.001811 0.001705 -0.025662 -0.006481 -0.001949 0.999648
1772811547.178552628 0.001483 -0.001603 0.001800 -0.026243 -0.006245 -0.001656 0.999635
1772811547.278614998 0.001261 -0.001858 0.001962 -0.025641 -0.006629 -0.001799 0.999648
1772811547.378581047 0.000695 -0.001589 0.002301 -0.026079 -0.006414 -0.001727 0.999638
1772811547.478656292 0.001080 -0.001408 0.002028 -0.025766 -0.006413 -0.001809 0.999646
1772811547.578699589 0.001348 -0.001070 0.001262 -0.025789 -0.006492 -0.001890 0.999645
1772811547.678639889 0.001064 -0.000821 0.001122 -0.025940 -0.006495 -0.001897 0.999641
1772811547.778590918 0.000892 -0.000809 0.001645 -0.025786 -0.006362 -0.001876 0.999645
1772811547.878618956 0.000543 -0.000785 0.002547 -0.025941 -0.006392 -0.001783 0.999641
1772811547.978644371 0.000924 -0.001143 0.002492 -0.025638 -0.006560 -0.001742 0.999648
1772811548.078673363 0.001039 -0.001101 0.002409 -0.025977 -0.006344 -0.001911 0.999641
1772811548.178563118 0.001368 -0.000817 0.001890 -0.025706 -0.006305 -0.001881 0.999648
1772811548.278524160 0.001279 -0.000753 0.001350 -0.025703 -0.006722 -0.001826 0.999645
1772811548.378494263 0.001406 -0.000637 0.001612 -0.026274 -0.006248 -0.001971 0.999633
1772811548.478518963 0.001486 -0.000993 0.002485 -0.025849 -0.006437 -0.001792 0.999644
1772811548.578498602 0.001445 -0.001192 0.002774 -0.026023 -0.006598 -0.001683 0.999638
1772811548.678493977 0.001587 -0.001329 0.002517 -0.026021 -0.006332 -0.001875 0.999640
1772811548.778600216 0.001713 -0.001311 0.002199 -0.026040 -0.006396 -0.001734 0.999639
1772811548.878600836 0.001894 -0.001589 0.001694 -0.025926 -0.006215 -0.001747 0.999643
1772811548.978520632 0.001926 -0.001513 0.001326 -0.026028 -0.006448 -0.001731 0.999639
1772811549.078545570 0.002077 -0.001128 0.001506 -0.025785 -0.006384 -0.001851 0.999645
1772811549.178488970 0.002110 -0.001263 0.002338 -0.025800 -0.006387 -0.001746 0.999645
1772811549.278611898 0.002261 -0.001111 0.002536 -0.025972 -0.006448 -0.001744 0.999640
1772811549.378520012 0.002351 -0.001333 0.002227 -0.025658 -0.006711 -0.001716 0.999647
1772811549.478411436 0.002141 -0.001622 0.001960 -0.026065 -0.006479 -0.001625 0.999638
1772811549.578402042 0.001866 -0.001554 0.001977 -0.025771 -0.006248 -0.001843 0.999647
1772811549.678393364 0.001216 -0.001444 0.002181 -0.025895 -0.006476 -0.001671 0.999642
1772811549.778398514 0.001021 -0.001075 0.002260 -0.025815 -0.006046 -0.001798 0.999647
1772811549.878424883 0.001048 -0.000801 0.002377 -0.025872 -0.006344 -0.001873 0.999643
1772811549.978456020 0.001077 -0.000930 0.002392 -0.025732 -0.006451 -0.001724 0.999647
1772811550.078442574 0.001155 -0.001238 0.002562 -0.025701 -0.006611 -0.001729 0.999646
1772811550.178632736 0.000905 -0.001375 0.002600 -0.025934 -0.006593 -0.001736 0.999640
1772811550.278458595 0.001269 -0.001193 0.002414 -0.025724 -0.006316 -0.001808 0.999648
1772811550.378417969 0.001510 -0.001042 0.002038 -0.025757 -0.006288 -0.001867 0.999647
1772811550.478494167 0.001560 -0.001098 0.001859 -0.025957 -0.006423 -0.001935 0.999641
1772811550.578600407 0.001221 -0.001066 0.001667 -0.025931 -0.006457 -0.001981 0.999641
1772811550.678405762 0.001138 -0.000855 0.001692 -0.026046 -0.006469 -0.001881 0.999638
1772811550.778511524 0.001049 -0.000823 0.001730 -0.025918 -0.006424 -0.001899 0.999642
1772811550.878298044 0.000775 -0.000995 0.001672 -0.025961 -0.006398 -0.001866 0.999641
1772811550.978358269 0.000926 -0.000906 0.002141 -0.025663 -0.006238 -0.001957 0.999649
1772811551.078358412 0.000994 -0.000249 0.002189 -0.025736 -0.006387 -0.001838 0.999647
1772811551.178489447 0.001037 -0.000421 0.002067 -0.025707 -0.006298 -0.001900 0.999648
1772811551.278604031 0.000942 -0.000490 0.001824 -0.025861 -0.006435 -0.001860 0.999643
1772811551.378387451 0.001406 -0.000372 0.001894 -0.025840 -0.006279 -0.001901 0.999645
1772811551.478489637 0.001586 -0.000731 0.001839 -0.025673 -0.006348 -0.001984 0.999648
1772811551.578525305 0.001717 -0.001053 0.001878 -0.026051 -0.006289 -0.001851 0.999639
1772811551.678544760 0.001853 -0.001363 0.002212 -0.025713 -0.006372 -0.001673 0.999648
1772811551.778469086 0.001283 -0.001112 0.002142 -0.025825 -0.006456 -0.001756 0.999644
1772811551.878495455 0.001170 -0.000924 0.002238 -0.025734 -0.006307 -0.001727 0.999647
1772811551.978413820 0.000855 -0.000685 0.001801 -0.025866 -0.006213 -0.001794 0.999645
1772811552.078639507 0.001068 -0.000680 0.002091 -0.026032 -0.006224 -0.001956 0.999640
1772811552.178366899 0.001185 -0.000645 0.001461 -0.025911 -0.006352 -0.001607 0.999643
1772811552.278470039 0.001214 -0.000670 0.001119 -0.025618 -0.006588 -0.001789 0.999648
1772811552.378482580 0.001064 -0.000757 0.002121 -0.025921 -0.006418 -0.001837 0.999642
1772811552.478611231 0.000660 -0.000788 0.002283 -0.025619 -0.006420 -0.001870 0.999649
1772811552.578707457 0.001111 -0.000928 0.001905 -0.025691 -0.006341 -0.001878 0.999648
1772811552.678637743 0.000753 -0.000840 0.001932 -0.025851 -0.006414 -0.001890 0.999643
1772811552.778722525 0.000965 -0.000747 0.001897 -0.025851 -0.006196 -0.001846 0.999645
1772811552.878700495 0.001131 -0.000623 0.001519 -0.025693 -0.006279 -0.001906 0.999648
1772811552.978760958 0.001645 -0.000288 0.001608 -0.025803 -0.006436 -0.001847 0.999645
1772811553.078868628 0.001705 -0.000747 0.001888 -0.025994 -0.006246 -0.001869 0.999641
1772811553.178838730 0.001530 -0.000868 0.002107 -0.026090 -0.006318 -0.001832 0.999638
1772811553.278969526 0.001767 -0.001128 0.002136 -0.025682 -0.006327 -0.001749 0.999649
1772811553.378895283 0.001545 -0.000947 0.002245 -0.025807 -0.006317 -0.001844 0.999645
1772811553.478801489 0.001517 -0.000949 0.002444 -0.025839 -0.006505 -0.001921 0.999643
1772811553.578850508 0.001148 -0.001145 0.002220 -0.026070 -0.006223 -0.001865 0.999639
1772811553.678767920 0.001660 -0.001114 0.002182 -0.025986 -0.006461 -0.001952 0.999640
