1772811538.178696394 -0.006587 0.011347 -0.009281 -0.025504 -0.006338 -0.001808 0.999653
1772811538.278687954 -0.005606 0.010955 -0.006482 -0.026563 -0.007089 -0.001816 0.999620
1772811538.378705025 -0.005073 0.010597 -0.007425 -0.025158 -0.006085 -0.001841 0.999663
1772811538.478718519 -0.004786 0.010585 -0.006899 -0.026197 -0.006625 -0.001621 0.999634
1772811538.578814983 -0.004359 0.010188 -0.006436 -0.025633 -0.006344 -0.001841 0.999650
1772811538.678943157 -0.003881 0.010055 -0.006256 -0.026274 -0.006445 -0.001718 0.999633
1772811538.779038668 -0.003546 0.009621 -0.006209 -0.025989 -0.006449 -0.001693 0.999640
1772811538.878893614 -0.003632 0.009949 -0.006449 -0.025950 -0.006718 -0.001644 0.999639
1772811538.979044914 -0.003725 0.010020 -0.006685 -0.025851 -0.006657 -0.001806 0.999642
1772811539.078857183 -0.003955 0.010018 -0.006822 -0.025852 -0.006409 -0.001752 0.999644
1772811539.178839684 -0.004246 0.010404 -0.006623 -0.026060 -0.006640 -0.001715 0.999637
1772811539.278882742 -0.004195 0.010236 -0.006808 -0.025933 -0.006291 -0.001849 0.999642
1772811539.378758669 -0.004446 0.010256 -0.006732 -0.025868 -0.006442 -0.001702 0.999643
1772811539.478687048 -0.004262 0.010056 -0.006770 -0.025812 -0.006405 -0.001663 0.999645
1772811539.578689575 -0.004488 0.010414 -0.006275 -0.025971 -0.006478 -0.001691 0.999640
1772811539.678651333 -0.004353 0.010659 -0.006205 -0.025747 -0.006082 -0.001840 0.999648
1772811539.778613806 -0.004605 0.010852 -0.005978 -0.025745 -0.006258 -0.001671 0.999648
1772811539.878546476 -0.004659 0.011028 -0.006161 -0.025884 -0.006297 -0.001703 0.999644
1772811539.978724241 -0.004709 0.011210 -0.006383 -0.025493 -0.006361 -0.001882 0.999653
1772811540.078725815 -0.004842 0.011354 -0.006698 -0.025800 -0.006482 -0.001793 0.999644
1772811540.178688049 -0.004618 0.011127 -0.006721 -0.025709 -0.006471 -0.001941 0.999647
1772811540.278644562 -0.004826 0.011134 -0.006146 -0.026132 -0.006444 -0.001631 0.999636
1772811540.378807306 -0.004499 0.010887 -0.006186 -0.025734 -0.006305 -0.001955 0.999647
1772811540.478661060 -0.004292 0.010958 -0.006083 -0.025931 -0.006403 -0.001721 0.999642
1772811540.578605175 -0.004197 0.010912 -0.006504 -0.026032 -0.006366 -0.001836 0.999639
1772811540.678679943 -0.004112 0.010961 -0.006491 -0.025645 -0.006268 -0.001762 0.999650
1772811540.778618574 -0.004108 0.011034 -0.006466 -0.025715 -0.006458 -0.001812 0.999647
1772811540.878577471 -0.004349 0.010741 -0.006286 -0.025708 -0.006181 -0.001764 0.999649
1772811540.978616714 -0.004506 0.010908 -0.006631 -0.025955 -0.006504 -0.001662 0.999641
1772811541.078534126 -0.004405 0.011074 -0.006892 -0.025822 -0.006504 -0.001849 0.999644
1772811541.178550482 -0.004700 0.011173 -0.006667 -0.025667 -0.006449 -0.001905 0.999648
1772811541.278390408 -0.004451 0.011030 -0.006745 -0.026006 -0.006260 -0.001892 0.999640
1772811541.378348351 -0.004665 0.010584 -0.006551 -0.025750 -0.006376 -0.001824 0.999646
1772811541.478404045 -0.004467 0.010620 -0.006527 -0.025989 -0.006369 -0.001568 0.999641
1772811541.578452826 -0.004008 0.010396 -0.006427 -0.025805 -0.006153 -0.001741 0.999647
1772811541.678656101 -0.004283 0.010462 -0.006115 -0.026039 -0.006467 -0.001906 0.999638
1772811541.778557301 -0.004234 0.010380 -0.006236 -0.025620 -0.006216 -0.001813 0.999651
1772811541.878579855 -0.004420 0.010453 -0.006438 -0.025880 -0.006102 -0.001728 0.999645
1772811541.978746653 -0.004051 0.010441 -0.006117 -0.025783 -0.006255 -0.001792 0.999646
1772811542.078696251 -0.003931 0.010561 -0.005837 -0.025833 -0.006359 -0.001784 0.999644
1772811542.178766012 -0.003807 0.010419 -0.006177 -0.025968 -0.006230 -0.001928 0.999641
1772811542.278761387 -0.003667 0.010149 -0.006430 -0.025950 -0.006148 -0.001810 0.999643
1772811542.378795862 -0.003737 0.010344 -0.006656 -0.026022 -0.006601 -0.001702 0.999638
1772811542.478777409 -0.003478 0.010135 -0.006763 -0.025683 -0.006302 -0.001690 0.999649
1772811542.578951120 -0.003849 0.010091 -0.006624 -0.026073 -0.006391 -0.001500 0.999638
1772811542.678860426 -0.003961 0.010014 -0.006551 -0.025911 -0.006460 -0.001718 0.999642
1772811542.778835297 -0.004382 0.010321 -0.006636 -0.025998 -0.006513 -0.001675 0.999639
1772811542.878814220 -0.004600 0.010592 -0.006924 -0.025837 -0.006259 -0.001757 0.999645
1772811542.978881359 -0.004568 0.010805 -0.006887 -0.026028 -0.006437 -0.001889 0.999639
1772811543.078835964 -0.004946 0.011102 -0.006450 -0.026008 -0.006325 -0.001917 0.999640
1772811543.178740263 -0.004873 0.011124 -0.006590 -0.025816 -0.006219 -0.001906 0.999646
1772811543.278752089 -0.005744 0.011278 -0.006219 -0.026063 -0.006391 -0.001856 0.999638
1772811543.378692150 -0.005476 0.011082 -0.006175 -0.026011 -0.006312 -0.001792 0.999640
1772811543.478735685 -0.005799 0.010835 -0.006539 -0.025726 -0.006378 -0.001742 0.999647
1772811543.578839302 -0.005415 0.010670 -0.007031 -0.025810 -0.006331 -0.001759 0.999645
1772811543.678989410 -0.004708 0.010804 -0.007438 -0.025784 -0.006536 -0.001815 0.999645
1772811543.779117346 -0.004125 0.011113 -0.007132 -0.026101 -0.006655 -0.001835 0.999635
1772811543.879090309 -0.003784 0.010887 -0.007013 -0.025843 -0.006286 -0.001997 0.999644
1772811543.979033232 -0.003823 0.010934 -0.007026 -0.025812 -0.006265 -0.001778 0.999646
1772811544.078972578 -0.003401 0.010264 -0.007337 -0.025901 -0.006561 -0.001912 0.999641
1772811544.178946495 -0.003522 0.010363 -0.007098 -0.026294 -0.006302 -0.001678 0.999633
1772811544.278881311 -0.003509 0.009958 -0.006870 -0.025631 -0.006439 -0.001930 0.999649
1772811544.378752947 -0.003789 0.010288 -0.006348 -0.025997 -0.006347 -0.001851 0.999640
1772811544.478613615 -0.003559 0.010309 -0.006612 -0.025963 -0.006605 -0.001721 0.999640
1772811544.578702927 -0.003309 0.010142 -0.007106 -0.025857 -0.006229 -0.001838 0.999645
1772811544.678673744 -0.003535 0.010090 -0.007170 -0.026197 -0.006388 -0.001771 0.999635
1772811544.778466225 -0.003869 0.010174 -0.006900 -0.025788 -0.006510 -0.001956 0.999644
1772811544.878419161 -0.004312 0.010535 -0.007068 -0.026167 -0.006458 -0.001791 0.999635
1772811544.978433132 -0.004186 0.010673 -0.007269 -0.025683 -0.006417 -0.001995 0.999648
1772811545.078525305 -0.004358 0.010918 -0.006946 -0.025848 -0.006687 -0.001853 0.999642
1772811545.178603172 -0.004445 0.010891 -0.007012 -0.025531 -0.006520 -0.001776 0.999651
1772811545.278557301 -0.004511 0.010953 -0.006725 -0.025798 -0.006387 -0.001990 0.999645
1772811545.378563404 -0.004465 0.011067 -0.006312 -0.025939 -0.006582 -0.001683 0.999640
1772811545.478549719 -0.004596 0.011042 -0.006158 -0.025816 -0.006344 -0.001846 0.999645
1772811545.578464746 -0.005021 0.011065 -0.006295 -0.025963 -0.006309 -0.001834 0.999641
1772811545.678426504 -0.005034 0.010886 -0.006343 -0.025625 -0.006205 -0.001865 0.999651
1772811545.778426647 -0.005166 0.010956 -0.006448 -0.025954 -0.006477 -0.001849 0.999640
1772811545.878376722 -0.004734 0.011018 -0.006629 -0.025852 -0.006360 -0.001874 0.999644
1772811545.978534222 -0.004461 0.010881 -0.006933 -0.025907 -0.006261 -0.001808 0.999643
1772811546.078428030 -0.004306 0.010975 -0.007208 -0.025638 -0.006502 -0.001817 0.999648
1772811546.178488731 -0.003983 0.011037 -0.006803 -0.025802 -0.006558 -0.001858 0.999644
1772811546.278577089 -0.004157 0.011089 -0.006734 -0.025783 -0.006697 -0.001892 0.999643
1772811546.378486156 -0.003900 0.010619 -0.006742 -0.025677 -0.006339 -0.001939 0.999648
1772811546.478462934 -0.004183 0.010733 -0.006562 -0.026138 -0.006625 -0.001645 0.999635
1772811546.578441381 -0.004397 0.010515 -0.006328 -0.025652 -0.006313 -0.001828 0.999649
1772811546.678442478 -0.004797 0.010548 -0.006546 -0.026077 -0.006142 -0.001683 0.999640
1772811546.778447151 -0.004687 0.010332 -0.007004 -0.025657 -0.006576 -0.001880 0.999647
1772811546.878358364 -0.004404 0.009995 -0.007006 -0.026080 -0.006556 -0.001898 0.999637
1772811546.978468418 -0.004281 0.009856 -0.007050 -0.025999 -0.006711 -0.001971 0.999637
1772811547.078438997 -0.003925 0.009784 -0.006978 -0.025662 -0.006481 -0.001949 0.999648
1772811547.178552628 -0.004374 0.009978 -0.006894 -0.026243 -0.006245 -0.001656 0.999635
1772811547.278614998 -0.004586 0.009735 -0.006722 -0.025641 -0.006629 -0.001799 0.999648
1772811547.378581047 -0.005157 0.009996 -0.006390 -0.026079 -0.006414 -0.001727 0.999638
1772811547.478656292 -0.004770 0.010183 -0.006656 -0.025766 -0.006413 -0.001809 0.999646
1772811547.578699589 -0.004499 0.010522 -0.007423 -0.025789 -0.006492 -0.001890 0.999645
1772811547.678639889 -0.004783 0.010769 -0.007567 -0.025940 -0.006495 -0.001897 0.999641
1772811547.778590918 -0.004957 0.010783 -0.007039 -0.025786 -0.006362 -0.001876 0.999645
1772811547.878618956 -0.005308 0.010803 -0.006141 -0.025941 -0.006392 -0.001783 0.999641
1772811547.978644371 -0.004925 0.010450 -0.006191 -0.025638 -0.006560 -0.001742 0.999648
1772811548.078673363 -0.004810 0.010488 -0.006279 -0.025977 -0.006344 -0.001911 0.999641
1772811548.178563118 -0.004483 0.010777 -0.006792 -0.025706 -0.006305 -0.001881 0.999648
1772811548.278524160 -0.004565 0.010839 -0.007337 -0.025703 -0.006722 -0.001826 0.999645
1772811548.378494263 -0.004443 0.010947 -0.007082 -0.026274 -0.006248 -0.001971 0.999633
1772811548.478518963 -0.004364 0.010597 -0.006202 -0.025849 -0.006437 -0.001792 0.999644
1772811548.578498602 -0.004405 0.010393 -0.005918 -0.026023 -0.006598 -0.001683 0.999638
1772811548.678493977 -0.004263 0.010258 -0.006172 -0.026021 -0.006332 -0.001875 0.999640
1772811548.778600216 -0.004140 0.010275 -0.006491 -0.026040 -0.006396 -0.001734 0.999639
1772811548.878600836 -0.003961 0.009999 -0.006991 -0.025926 -0.006215 -0.001747 0.999643
1772811548.978520632 -0.003925 0.010073 -0.007364 -0.026028 -0.006448 -0.001731 0.999639
1772811549.078545570 -0.003773 0.010464 -0.007178 -0.025785 -0.006384 -0.001851 0.999645
1772811549.178488970 -0.003742 0.010327 -0.006347 -0.025800 -0.006387 -0.001746 0.999645
1772811549.278611898 -0.003591 0.010476 -0.006154 -0.025972 -0.006448 -0.001744 0.999640
1772811549.378520012 -0.003497 0.010259 -0.006459 -0.025658 -0.006711 -0.001716 0.999647
1772811549.478411436 -0.003712 0.009962 -0.006732 -0.026065 -0.006479 -0.001625 0.999638
1772811549.578402042 -0.003986 0.010038 -0.006705 -0.025771 -0.006248 -0.001843 0.999647
1772811549.678393364 -0.004637 0.010144 -0.006507 -0.025895 -0.006476 -0.001671 0.999642
1772811549.778398514 -0.004835 0.010515 -0.006421 -0.025815 -0.006046 -0.001798 0.999647
1772811549.878424883 -0.004802 0.010789 -0.006309 -0.025872 -0.006344 -0.001873 0.999643
1772811549.978456020 -0.004775 0.010661 -0.006292 -0.025732 -0.006451 -0.001724 0.999647
1772811550.078442574 -0.004694 0.010354 -0.006122 -0.025701 -0.006611 -0.001729 0.999646
1772811550.178632736 -0.004944 0.010213 -0.006090 -0.025934 -0.006593 -0.001736 0.999640
1772811550.278458595 -0.004583 0.010399 -0.006268 -0.025724 -0.006316 -0.001808 0.999648
1772811550.378417969 -0.004341 0.010550 -0.006645 -0.025757 -0.006288 -0.001867 0.999647
1772811550.478494167 -0.004287 0.010491 -0.006829 -0.025957 -0.006423 -0.001935 0.999641
1772811550.578600407 -0.004625 0.010524 -0.007022 -0.025931 -0.006457 -0.001981 0.999641
1772811550.678405762 -0.004710 0.010733 -0.006999 -0.026046 -0.006469 -0.001881 0.999638
1772811550.778511524 -0.004799 0.010767 -0.006957 -0.025918 -0.006424 -0.001899 0.999642
1772811550.878298044 -0.005074 0.010594 -0.007016 -0.025961 -0.006398 -0.001866 0.999641
1772811550.978358269 -0.004924 0.010689 -0.006539 -0.025663 -0.006238 -0.001957 0.999649
1772811551.078358412 -0.004856 0.011344 -0.006494 -0.025736 -0.006387 -0.001838 0.999647
1772811551.178489447 -0.004813 0.011173 -0.006614 -0.025707 -0.006298 -0.001900 0.999648
1772811551.278604031 -0.004906 0.011101 -0.006863 -0.025861 -0.006435 -0.001860 0.999643
1772811551.378387451 -0.004444 0.011219 -0.006790 -0.025840 -0.006279 -0.001901 0.999645
1772811551.478489637 -0.004262 0.010864 -0.006842 -0.025673 -0.006348 -0.001984 0.999648
1772811551.578525305 -0.004135 0.010534 -0.006812 -0.026051 -0.006289 -0.001851 0.999639
1772811551.678544760 -0.004001 0.010228 -0.006471 -0.025713 -0.006372 -0.001673 0.999648
1772811551.778469086 -0.004568 0.010477 -0.006544 -0.025825 -0.006456 -0.001756 0.999644
1772811551.878495455 -0.004684 0.010667 -0.006444 -0.025734 -0.006307 -0.001727 0.999647
1772811551.978413820 -0.004999 0.010904 -0.006883 -0.025866 -0.006213 -0.001794 0.999645
1772811552.078639507 -0.004782 0.010908 -0.006597 -0.026032 -0.006224 -0.001956 0.999640
1772811552.178366899 -0.004671 0.010942 -0.007226 -0.025911 -0.006352 -0.001607 0.999643
1772811552.278470039 -0.004634 0.010924 -0.007564 -0.025618 -0.006588 -0.001789 0.999648
1772811552.378482580 -0.004786 0.010832 -0.006566 -0.025921 -0.006418 -0.001837 0.999642
1772811552.478611231 -0.005188 0.010807 -0.006398 -0.025619 -0.006420 -0.001870 0.999649
1772811552.578707457 -0.004739 0.010665 -0.006777 -0.025691 -0.006341 -0.001878 0.999648
1772811552.678637743 -0.005096 0.010751 -0.006754 -0.025851 -0.006414 -0.001890 0.999643
1772811552.778722525 -0.004888 0.010844 -0.006787 -0.025851 -0.006196 -0.001846 0.999645
1772811552.878700495 -0.004720 0.010970 -0.007162 -0.025693 -0.006279 -0.001906 0.999648
1772811552.978760958 -0.004204 0.011303 -0.007078 -0.025803 -0.006436 -0.001847 0.999645
1772811553.078868628 -0.004147 0.010841 -0.006800 -0.025994 -0.006246 -0.001869 0.999641
1772811553.178838730 -0.004322 0.010718 -0.006583 -0.026090 -0.006318 -0.001832 0.999638
1772811553.278969526 -0.004087 0.010464 -0.006546 -0.025682 -0.006327 -0.001749 0.999649
1772811553.378895283 -0.004306 0.010644 -0.006439 -0.025807 -0.006317 -0.001844 0.999645
1772811553.478801489 -0.004329 0.010642 -0.006243 -0.025839 -0.006505 -0.001921 0.999643
1772811553.578850508 -0.004704 0.010442 -0.006469 -0.026070 -0.006223 -0.001865 0.999639
1772811553.678767920 -0.004186 0.010475 -0.006508 -0.025986 -0.006461 -0.001952 0.999640
