1773558830.370103359 -0.000343 -0.000345 -0.000378 -0.013576 0.012554 -0.000564 0.999829
1773558830.470295429 0.000051 -0.001096 0.004690 -0.014243 0.011843 -0.000716 0.999828
1773558830.570285559 -0.000950 -0.000805 0.001507 -0.013408 0.013174 -0.000504 0.999823
1773558830.670165300 -0.000734 -0.001505 0.002220 -0.013948 0.012475 -0.000624 0.999825
1773558830.770215511 -0.000650 -0.001497 0.003101 -0.013776 0.012636 -0.000553 0.999825
1773558830.870185852 -0.000495 -0.001491 0.003306 -0.013639 0.012725 -0.000557 0.999826
1773558830.970133066 -0.000349 -0.001765 0.003790 -0.013768 0.012694 -0.000549 0.999824
1773558831.070102453 -0.000138 -0.001743 0.003827 -0.013643 0.012694 -0.000452 0.999826
1773558831.169986486 0.000066 -0.001703 0.003970 -0.013721 0.012713 -0.000446 0.999825
1773558831.270114183 -0.000108 -0.001832 0.003995 -0.013689 0.012773 -0.000617 0.999825
1773558831.370167017 -0.000274 -0.001575 0.004061 -0.013756 0.012751 -0.000456 0.999824
1773558831.470123053 -0.000432 -0.001743 0.004150 -0.013771 0.012721 -0.000596 0.999824
1773558831.570180178 -0.000171 -0.001667 0.004176 -0.013672 0.012720 -0.000493 0.999825
1773558831.670301199 -0.000373 -0.001528 0.004174 -0.013727 0.012667 -0.000562 0.999825
1773558831.770203590 -0.000429 -0.001382 0.004122 -0.013700 0.012639 -0.000478 0.999826
1773558831.870107651 -0.000536 -0.001333 0.004352 -0.013757 0.012814 -0.000416 0.999823
1773558831.970098734 -0.000735 -0.001432 0.004358 -0.013720 0.012691 -0.000574 0.999825
1773558832.070036411 -0.000591 -0.001211 0.004362 -0.013734 0.012795 -0.000491 0.999824
1773558832.169976950 -0.000628 -0.001316 0.004277 -0.013702 0.012734 -0.000615 0.999825
1773558832.269962549 -0.000510 -0.001270 0.004030 -0.013660 0.012701 -0.000431 0.999826
1773558832.370028734 -0.000446 -0.001269 0.004023 -0.013740 0.012775 -0.000479 0.999824
1773558832.470072269 -0.000201 -0.001121 0.003737 -0.013687 0.012631 -0.000467 0.999826
1773558832.570089102 -0.000196 -0.000918 0.003545 -0.013728 0.012757 -0.000552 0.999824
1773558832.670371771 -0.000389 -0.001113 0.004042 -0.013723 0.012632 -0.000545 0.999826
1773558832.770137548 -0.000477 -0.001319 0.004021 -0.013684 0.012838 -0.000410 0.999824
1773558832.870238543 -0.000659 -0.001523 0.004132 -0.013649 0.012706 -0.000577 0.999826
1773558832.970101595 -0.000546 -0.001103 0.004367 -0.013780 0.012804 -0.000428 0.999823
1773558833.070101738 -0.000486 -0.000917 0.004230 -0.013677 0.012698 -0.000628 0.999826
1773558833.170057535 -0.000358 -0.000880 0.004121 -0.013741 0.012754 -0.000598 0.999824
1773558833.270089388 -0.000451 -0.000879 0.004116 -0.013742 0.012726 -0.000625 0.999824
1773558833.370197535 -0.000739 -0.000933 0.004150 -0.013741 0.012712 -0.000553 0.999825
1773558833.470145941 -0.000802 -0.001058 0.004210 -0.013687 0.012815 -0.000443 0.999824
1773558833.570226908 -0.001104 -0.001060 0.004218 -0.013683 0.012725 -0.000557 0.999825
1773558833.670198441 -0.000832 -0.000837 0.004233 -0.013731 0.012743 -0.000520 0.999824
1773558833.770278215 -0.000898 -0.000862 0.004201 -0.013647 0.012717 -0.000643 0.999826
1773558833.870574474 -0.000618 -0.000715 0.004228 -0.013752 0.012765 -0.000559 0.999824
1773558833.970288515 -0.000764 -0.001010 0.004177 -0.013756 0.012821 -0.000572 0.999823
1773558834.070656061 -0.000591 -0.001175 0.004121 -0.013739 0.012663 -0.000539 0.999825
1773558834.170505285 -0.000299 -0.001052 0.004191 -0.013764 0.012776 -0.000465 0.999824
1773558834.270490408 -0.000332 -0.001103 0.004277 -0.013712 0.012648 -0.000610 0.999826
1773558834.370529413 -0.000235 -0.001014 0.004357 -0.013751 0.012788 -0.000494 0.999824
