1773558830.370103359 -0.006533 0.011443 -0.008548 -0.013576 0.012554 -0.000564 0.999829
1773558830.470295429 -0.006124 0.010682 -0.003505 -0.014243 0.011843 -0.000716 0.999828
1773558830.570285559 -0.007151 0.010984 -0.006651 -0.013408 0.013174 -0.000504 0.999823
1773558830.670165300 -0.006921 0.010277 -0.005960 -0.013948 0.012475 -0.000624 0.999825
1773558830.770215511 -0.006841 0.010287 -0.005073 -0.013776 0.012636 -0.000553 0.999825
1773558830.870185852 -0.006687 0.010295 -0.004863 -0.013639 0.012725 -0.000557 0.999826
1773558830.970133066 -0.006542 0.010019 -0.004383 -0.013768 0.012694 -0.000549 0.999824
1773558831.070102453 -0.006332 0.010042 -0.004342 -0.013643 0.012694 -0.000452 0.999826
1773558831.169986486 -0.006129 0.010080 -0.004201 -0.013721 0.012713 -0.000446 0.999825
1773558831.270114183 -0.006300 0.009954 -0.004174 -0.013689 0.012773 -0.000617 0.999825
1773558831.370167017 -0.006469 0.010208 -0.004110 -0.013756 0.012751 -0.000456 0.999824
1773558831.470123053 -0.006624 0.010041 -0.004022 -0.013771 0.012721 -0.000596 0.999824
1773558831.570180178 -0.006365 0.010118 -0.003994 -0.013672 0.012720 -0.000493 0.999825
1773558831.670301199 -0.006565 0.010257 -0.003998 -0.013727 0.012667 -0.000562 0.999825
1773558831.770203590 -0.006622 0.010402 -0.004050 -0.013700 0.012639 -0.000478 0.999826
1773558831.870107651 -0.006733 0.010449 -0.003819 -0.013757 0.012814 -0.000416 0.999823
1773558831.970098734 -0.006927 0.010353 -0.003814 -0.013720 0.012691 -0.000574 0.999825
1773558832.070036411 -0.006786 0.010573 -0.003808 -0.013734 0.012795 -0.000491 0.999824
1773558832.169976950 -0.006819 0.010470 -0.003894 -0.013702 0.012734 -0.000615 0.999825
1773558832.269962549 -0.006705 0.010514 -0.004140 -0.013660 0.012701 -0.000431 0.999826
1773558832.370028734 -0.006641 0.010515 -0.004148 -0.013740 0.012775 -0.000479 0.999824
1773558832.470072269 -0.006394 0.010663 -0.004434 -0.013687 0.012631 -0.000467 0.999826
1773558832.570089102 -0.006389 0.010867 -0.004626 -0.013728 0.012757 -0.000552 0.999824
1773558832.670371771 -0.006581 0.010672 -0.004130 -0.013723 0.012632 -0.000545 0.999826
1773558832.770137548 -0.006674 0.010464 -0.004148 -0.013684 0.012838 -0.000410 0.999824
1773558832.870238543 -0.006851 0.010264 -0.004037 -0.013649 0.012706 -0.000577 0.999826
1773558832.970101595 -0.006743 0.010679 -0.003805 -0.013780 0.012804 -0.000428 0.999823
1773558833.070101738 -0.006676 0.010869 -0.003941 -0.013677 0.012698 -0.000628 0.999826
1773558833.170057535 -0.006550 0.010905 -0.004050 -0.013741 0.012754 -0.000598 0.999824
1773558833.270089388 -0.006642 0.010906 -0.004055 -0.013742 0.012726 -0.000625 0.999824
1773558833.370197535 -0.006931 0.010851 -0.004022 -0.013741 0.012712 -0.000553 0.999825
1773558833.470145941 -0.006998 0.010726 -0.003959 -0.013687 0.012815 -0.000443 0.999824
1773558833.570226908 -0.007296 0.010726 -0.003952 -0.013683 0.012725 -0.000557 0.999825
1773558833.670198441 -0.007026 0.010948 -0.003938 -0.013731 0.012743 -0.000520 0.999824
1773558833.770278215 -0.007088 0.010925 -0.003969 -0.013647 0.012717 -0.000643 0.999826
1773558833.870574474 -0.006811 0.011070 -0.003944 -0.013752 0.012765 -0.000559 0.999824
1773558833.970288515 -0.006957 0.010775 -0.003994 -0.013756 0.012821 -0.000572 0.999823
1773558834.070656061 -0.006783 0.010610 -0.004051 -0.013739 0.012663 -0.000539 0.999825
1773558834.170505285 -0.006495 0.010731 -0.003981 -0.013764 0.012776 -0.000465 0.999824
1773558834.270490408 -0.006522 0.010683 -0.003895 -0.013712 0.012648 -0.000610 0.999826
1773558834.370529413 -0.006430 0.010769 -0.003814 -0.013751 0.012788 -0.000494 0.999824
