1772816629.471967936 -0.001372 0.000685 -0.000368 -0.028097 -0.011541 -0.001841 0.999537
1772816629.571891546 -0.001541 0.000881 0.003945 -0.029194 -0.011593 -0.001674 0.999505
1772816629.672028065 -0.001326 0.001219 0.002271 -0.027577 -0.010751 -0.001776 0.999560
1772816629.772239208 -0.000969 0.000865 0.002814 -0.028560 -0.011173 -0.001519 0.999528
1772816629.872016191 -0.000380 0.000614 0.003174 -0.028326 -0.010864 -0.001790 0.999538
1772816629.972133875 -0.000606 0.000547 0.002970 -0.028255 -0.011406 -0.001804 0.999534
1772816630.072016716 -0.000260 0.000592 0.003348 -0.028209 -0.011201 -0.001695 0.999538
1772816630.172269106 -0.000498 0.001029 0.003887 -0.028030 -0.010980 -0.001762 0.999545
1772816630.272063017 -0.000750 0.001316 0.003784 -0.028181 -0.011133 -0.001753 0.999539
1772816630.372012854 -0.000500 0.001329 0.003864 -0.028139 -0.010969 -0.001809 0.999542
1772816630.471921921 -0.000508 0.001403 0.003573 -0.028182 -0.011199 -0.001700 0.999539
1772816630.572016716 -0.000411 0.001216 0.003566 -0.028008 -0.011327 -0.001759 0.999542
1772816630.672017813 -0.000648 0.001453 0.003397 -0.028136 -0.011145 -0.001731 0.999540
1772816630.771920204 -0.000791 0.001482 0.003317 -0.028065 -0.011138 -0.001741 0.999543
1772816630.871990204 -0.000661 0.001681 0.003311 -0.028125 -0.011132 -0.001861 0.999541
1772816630.972005367 -0.000284 0.001847 0.003444 -0.028004 -0.011089 -0.001916 0.999544
1772816631.071816683 -0.000412 0.001503 0.004325 -0.028001 -0.011252 -0.001777 0.999543
1772816631.171720982 -0.000769 0.001715 0.004265 -0.028116 -0.011225 -0.001773 0.999540
1772816631.271672726 -0.000646 0.001459 0.004031 -0.027829 -0.011241 -0.001817 0.999548
1772816631.371562243 -0.000562 0.001295 0.003276 -0.028280 -0.011100 -0.001637 0.999537
1772816631.471684456 -0.000435 0.001020 0.003001 -0.027980 -0.011223 -0.001880 0.999544
1772816631.571620941 -0.000506 0.001108 0.002780 -0.028181 -0.011305 -0.001740 0.999537
1772816631.671788454 -0.000515 0.001491 0.002975 -0.027953 -0.011096 -0.001866 0.999546
1772816631.771737099 -0.000795 0.001412 0.003748 -0.028162 -0.011255 -0.001812 0.999538
1772816631.871776342 -0.000848 0.001490 0.004243 -0.028246 -0.010995 -0.001857 0.999539
1772816631.971833467 -0.000735 0.001638 0.004833 -0.028106 -0.011085 -0.001809 0.999542
1772816632.071866274 -0.000703 0.001705 0.004721 -0.028377 -0.011042 -0.001765 0.999535
1772816632.171951771 -0.000456 0.001649 0.004375 -0.028195 -0.010878 -0.001995 0.999541
1772816632.272019625 -0.000375 0.001415 0.003544 -0.028117 -0.011051 -0.001691 0.999542
1772816632.372101784 -0.000471 0.001282 0.003335 -0.028091 -0.011079 -0.001835 0.999542
1772816632.471997023 -0.000608 0.001163 0.004020 -0.028241 -0.011066 -0.001758 0.999538
1772816632.571969748 -0.000728 0.001142 0.004616 -0.028509 -0.010710 -0.001750 0.999535
1772816632.671988964 -0.000614 0.001277 0.004772 -0.028186 -0.010846 -0.001907 0.999542
1772816632.771990299 -0.001051 0.001406 0.004909 -0.028419 -0.011171 -0.001766 0.999532
1772816632.872061491 -0.000856 0.001106 0.004654 -0.028038 -0.010916 -0.001757 0.999546
1772816632.971904039 -0.000548 0.001139 0.003640 -0.028055 -0.011631 -0.001660 0.999537
1772816633.071885347 -0.000388 0.000787 0.003875 -0.028053 -0.011082 -0.001850 0.999543
1772816633.171885014 -0.000525 0.000373 0.004134 -0.028244 -0.011130 -0.001764 0.999538
1772816633.272006035 -0.000667 0.000283 0.003999 -0.028073 -0.011322 -0.001737 0.999540
1772816633.372141123 -0.000733 0.000202 0.003685 -0.028256 -0.011071 -0.001846 0.999538
1772816633.472064257 -0.001005 0.000709 0.004241 -0.028183 -0.011194 -0.001707 0.999539
1772816633.572041512 -0.000860 0.000781 0.004230 -0.028110 -0.010909 -0.001867 0.999544
1772816633.672093391 -0.000799 0.001300 0.004314 -0.028201 -0.010992 -0.001598 0.999541
1772816633.771958590 -0.000910 0.000911 0.004567 -0.028150 -0.011027 -0.001863 0.999541
1772816633.872098684 -0.001004 0.001047 0.004589 -0.028308 -0.010893 -0.001557 0.999539
1772816633.972076893 -0.000871 0.000987 0.004281 -0.028344 -0.010754 -0.001877 0.999539
1772816634.072021008 -0.000524 0.001149 0.003433 -0.028108 -0.010894 -0.001862 0.999544
1772816634.172007084 -0.001050 0.001499 0.003896 -0.028510 -0.010749 -0.001871 0.999534
1772816634.271987200 -0.001441 0.001189 0.004088 -0.028015 -0.011019 -0.001891 0.999545
1772816634.372014523 -0.001850 0.001321 0.004273 -0.028033 -0.011097 -0.001668 0.999544
1772816634.471983910 -0.001692 0.001034 0.004341 -0.028038 -0.011100 -0.001892 0.999543
1772816634.571963787 -0.001345 0.000969 0.004059 -0.028436 -0.011048 -0.001766 0.999533
1772816634.671970844 -0.000829 0.000672 0.004477 -0.028119 -0.010852 -0.002013 0.999544
1772816634.771922827 -0.000531 0.000647 0.004172 -0.028425 -0.010608 -0.001767 0.999538
1772816634.872093439 -0.000624 0.000670 0.004130 -0.028339 -0.010911 -0.001842 0.999537
1772816634.972075701 -0.000416 0.000361 0.004075 -0.028513 -0.010805 -0.002032 0.999533
1772816635.071964025 -0.000414 0.000798 0.003486 -0.028230 -0.010913 -0.001838 0.999540
1772816635.172074080 -0.000117 0.000760 0.003054 -0.028152 -0.011038 -0.001968 0.999541
1772816635.271848679 -0.000048 0.001086 0.003089 -0.028245 -0.011394 -0.001747 0.999535
1772816635.371928930 -0.000265 0.000709 0.003507 -0.027991 -0.011016 -0.001868 0.999546
1772816635.471873045 -0.000690 0.000911 0.004101 -0.028183 -0.011069 -0.001660 0.999540
1772816635.571807623 -0.000612 0.000743 0.004049 -0.028201 -0.010948 -0.001850 0.999541
1772816635.671830654 -0.000088 0.000742 0.003048 -0.028213 -0.011242 -0.001860 0.999537
1772816635.771775007 0.000243 0.001013 0.003386 -0.028280 -0.011287 -0.001874 0.999535
1772816635.871843100 0.000169 0.000864 0.003582 -0.028202 -0.010897 -0.002023 0.999541
1772816635.972098589 -0.000279 0.001438 0.003911 -0.028276 -0.011012 -0.001820 0.999538
1772816636.071946621 0.000107 0.001136 0.003802 -0.028103 -0.011290 -0.001940 0.999539
1772816636.171921253 -0.000213 0.001330 0.004251 -0.028220 -0.011230 -0.001758 0.999537
1772816636.271976948 -0.000401 0.001263 0.004027 -0.028098 -0.011281 -0.001813 0.999540
1772816636.372102022 -0.000470 0.000970 0.003566 -0.028307 -0.011102 -0.001767 0.999536
1772816636.472055197 -0.000794 0.001297 0.003645 -0.028304 -0.011133 -0.001813 0.999536
1772816636.572066069 -0.000710 0.000676 0.003338 -0.028196 -0.010980 -0.001688 0.999541
1772816636.672116518 -0.000845 0.001024 0.003407 -0.028207 -0.011061 -0.001820 0.999539
1772816636.771997690 -0.000475 0.000395 0.003559 -0.028082 -0.011018 -0.001832 0.999543
1772816636.872016668 -0.000445 0.000800 0.003616 -0.028176 -0.011135 -0.001779 0.999539
1772816636.972026348 -0.000610 0.000938 0.003933 -0.028100 -0.011146 -0.001611 0.999542
1772816637.071868658 -0.000808 0.000972 0.004518 -0.028191 -0.010886 -0.001826 0.999542
1772816637.171988249 -0.000944 0.000869 0.004264 -0.028230 -0.010819 -0.001780 0.999541
1772816637.272103071 -0.001019 0.000832 0.003272 -0.028045 -0.011082 -0.001881 0.999543
1772816637.372144222 -0.001250 0.001087 0.003283 -0.028218 -0.010958 -0.001749 0.999540
1772816637.472066879 -0.000606 0.000834 0.003119 -0.028215 -0.010986 -0.001793 0.999540
1772816637.572035789 -0.000547 0.000981 0.003376 -0.028200 -0.011201 -0.001745 0.999538
1772816637.672065973 -0.000169 0.001057 0.003318 -0.028079 -0.011268 -0.001855 0.999540
1772816637.772079229 -0.000387 0.001159 0.003920 -0.028305 -0.010885 -0.001770 0.999539
1772816637.872138262 -0.000496 0.000887 0.003816 -0.028069 -0.011353 -0.001715 0.999540
1772816637.972059250 -0.000424 0.000807 0.003699 -0.027942 -0.011067 -0.001828 0.999547
1772816638.072072029 -0.000577 0.000816 0.003735 -0.028440 -0.011203 -0.001760 0.999531
1772816638.172123194 0.000073 0.000557 0.003056 -0.028263 -0.010955 -0.002035 0.999538
1772816638.272134781 0.000198 0.000729 0.002697 -0.028319 -0.011347 -0.001857 0.999533
1772816638.372275352 0.000558 0.000668 0.002585 -0.028204 -0.010892 -0.001900 0.999541
1772816638.472249985 0.000120 0.001259 0.003510 -0.028119 -0.011087 -0.001781 0.999542
1772816638.572157860 -0.000333 0.000985 0.004543 -0.028272 -0.011035 -0.001786 0.999538
1772816638.672237158 -0.000699 0.000999 0.004766 -0.028333 -0.010725 -0.001776 0.999539
1772816638.772131920 -0.000915 0.000785 0.004300 -0.028177 -0.011185 -0.001679 0.999539
1772816638.872202873 -0.001023 0.001003 0.003806 -0.028338 -0.010926 -0.001843 0.999537
1772816638.972047091 -0.000967 0.001116 0.003786 -0.028199 -0.010961 -0.001846 0.999541
1772816639.072065830 -0.000591 0.000861 0.003462 -0.028131 -0.010911 -0.002003 0.999543
1772816639.172025919 -0.000684 0.001056 0.003721 -0.028323 -0.011321 -0.001804 0.999533
1772816639.271971226 -0.000412 0.001033 0.003832 -0.028242 -0.010592 -0.001900 0.999543
1772816639.371891022 -0.000933 0.001169 0.004710 -0.028077 -0.011164 -0.001736 0.999542
1772816639.471847057 -0.001035 0.001285 0.004699 -0.027975 -0.011267 -0.001761 0.999544
1772816639.571830511 -0.001289 0.001533 0.004176 -0.028164 -0.011006 -0.001733 0.999541
1772816639.671873331 -0.001837 0.001317 0.004256 -0.028334 -0.010926 -0.001657 0.999537
1772816639.771878958 -0.001289 0.001275 0.003561 -0.028114 -0.011195 -0.001948 0.999540
1772816639.871704578 -0.001072 0.001191 0.003677 -0.028266 -0.011306 -0.001924 0.999535
1772816639.972040415 -0.000720 0.001423 0.003637 -0.028389 -0.011225 -0.001971 0.999532
1772816640.071925879 -0.001167 0.001962 0.004107 -0.028258 -0.010754 -0.001860 0.999541
1772816640.171966076 -0.001319 0.002116 0.003995 -0.028090 -0.011095 -0.001841 0.999542
1772816640.271997452 -0.001305 0.002414 0.003438 -0.028237 -0.010977 -0.001701 0.999540
1772816640.372138977 -0.001712 0.001466 0.003498 -0.028119 -0.011038 -0.001741 0.999542
1772816640.471997499 -0.001483 0.001297 0.003031 -0.027968 -0.010772 -0.001793 0.999549
1772816640.571978092 -0.001311 0.001251 0.003357 -0.028331 -0.010892 -0.001789 0.999538
1772816640.671940565 -0.000992 0.000648 0.003628 -0.028164 -0.010874 -0.002107 0.999542
1772816640.771860600 -0.000809 0.000674 0.003694 -0.028312 -0.011352 -0.001789 0.999533
1772816640.871803761 -0.000618 0.000907 0.003624 -0.028165 -0.011133 -0.001982 0.999539
1772816640.971839905 -0.000702 0.001393 0.004213 -0.028138 -0.010895 -0.001834 0.999543
1772816641.071868420 -0.000785 0.001221 0.004324 -0.028336 -0.010750 -0.001892 0.999539
1772816641.171883345 -0.001067 0.001198 0.003981 -0.028007 -0.010991 -0.001919 0.999545
1772816641.271964073 -0.001314 0.001486 0.003561 -0.028195 -0.011148 -0.001591 0.999539
1772816641.371887922 -0.001316 0.001313 0.003404 -0.028326 -0.011030 -0.001902 0.999536
1772816641.472060680 -0.001622 0.001508 0.003518 -0.028367 -0.011186 -0.001792 0.999533
1772816641.571987152 -0.001283 0.001391 0.003629 -0.028165 -0.010967 -0.001941 0.999541
1772816641.672066450 -0.000955 0.001781 0.003759 -0.028169 -0.011144 -0.001790 0.999539
1772816641.772089243 -0.001004 0.001428 0.003816 -0.028193 -0.011014 -0.001802 0.999540
1772816641.872075796 -0.001442 0.001385 0.004327 -0.028012 -0.010940 -0.001889 0.999546
1772816641.971975088 -0.001422 0.001638 0.004432 -0.027988 -0.011154 -0.001630 0.999545
1772816642.071970701 -0.001377 0.001158 0.004002 -0.028146 -0.010790 -0.001855 0.999544
1772816642.172032356 -0.001082 0.001147 0.003498 -0.028312 -0.011028 -0.001645 0.999537
1772816642.271916628 -0.000567 0.001130 0.003767 -0.028245 -0.010824 -0.002038 0.999540
1772816642.371918678 -0.001041 0.001508 0.003688 -0.028262 -0.010997 -0.001929 0.999538
1772816642.471896648 -0.001083 0.001450 0.003631 -0.028470 -0.010967 -0.001913 0.999533
1772816642.571805239 -0.001251 0.001423 0.003824 -0.028026 -0.011074 -0.001981 0.999544
1772816642.671911716 -0.000933 0.001488 0.003930 -0.028122 -0.011369 -0.001636 0.999539
1772816642.771859407 -0.000778 0.001346 0.004058 -0.028282 -0.010990 -0.001826 0.999538
1772816642.871919870 -0.001336 0.001249 0.003627 -0.028187 -0.011251 -0.001892 0.999538
1772816642.971870661 -0.001099 0.001057 0.003710 -0.027894 -0.010971 -0.001685 0.999549
1772816643.071788311 -0.001284 0.001244 0.003994 -0.028217 -0.011306 -0.001674 0.999536
1772816643.171794415 -0.001036 0.001009 0.003814 -0.028094 -0.011107 -0.001820 0.999542
1772816643.271729946 -0.000965 0.000592 0.003982 -0.028160 -0.011292 -0.001664 0.999538
1772816643.371743202 -0.000725 0.000852 0.003849 -0.028173 -0.010990 -0.001910 0.999541
1772816643.471794844 -0.000723 0.000841 0.003832 -0.028004 -0.011295 -0.001979 0.999542
1772816643.571916580 -0.000744 0.001324 0.003949 -0.028342 -0.011030 -0.001905 0.999536
1772816643.671684742 -0.000256 0.001243 0.003857 -0.027888 -0.010833 -0.002080 0.999550
1772816643.771777153 -0.000617 0.001757 0.003510 -0.028224 -0.010775 -0.001841 0.999542
1772816643.871732950 -0.001075 0.001378 0.003693 -0.028245 -0.010786 -0.001996 0.999541
1772816643.971737862 -0.001597 0.000886 0.003901 -0.028383 -0.010648 -0.001887 0.999539
1772816644.071945906 -0.001652 0.001036 0.003984 -0.028180 -0.011216 -0.001817 0.999538
1772816644.171646118 -0.001469 0.001136 0.004284 -0.028159 -0.010750 -0.001917 0.999544
1772816644.271823645 -0.001568 0.001493 0.003947 -0.028444 -0.011088 -0.002006 0.999532
1772816644.371651173 -0.001293 0.001409 0.004072 -0.027994 -0.010974 -0.001955 0.999546
1772816644.471777916 -0.001944 0.001742 0.003956 -0.028082 -0.011063 -0.001879 0.999543
1772816644.571728468 -0.002039 0.001651 0.003704 -0.028108 -0.011098 -0.001781 0.999542
1772816644.671592474 -0.002462 0.001225 0.004096 -0.028135 -0.011083 -0.001863 0.999541
1772816644.771710157 -0.002256 0.001319 0.004381 -0.028369 -0.011063 -0.001782 0.999535
1772816644.871628761 -0.001884 0.001500 0.003923 -0.028173 -0.011060 -0.001866 0.999540
1772816644.971729279 -0.001979 0.001604 0.003911 -0.028221 -0.011094 -0.001840 0.999538
1772816645.071643353 -0.001824 0.001561 0.003963 -0.028086 -0.010788 -0.001872 0.999546
1772816645.171579599 -0.001961 0.001949 0.004155 -0.028157 -0.011040 -0.001901 0.999541
1772816645.271682978 -0.001374 0.001691 0.004307 -0.028010 -0.011237 -0.001760 0.999543
1772816645.371656895 -0.001341 0.001473 0.004457 -0.028245 -0.010898 -0.001825 0.999540
1772816645.471804619 -0.001165 0.001418 0.004048 -0.028176 -0.010929 -0.001913 0.999541
1772816645.571789265 -0.001222 0.001440 0.003373 -0.028159 -0.010988 -0.001816 0.999541
1772816645.671705961 -0.001403 0.001313 0.003433 -0.028193 -0.011141 -0.001964 0.999538
1772816645.771749973 -0.001400 0.001159 0.003048 -0.028297 -0.011321 -0.001893 0.999534
1772816645.871645927 -0.001465 0.001317 0.003396 -0.028135 -0.011103 -0.001888 0.999541
1772816645.971723795 -0.001280 0.001414 0.003440 -0.028101 -0.011149 -0.001909 0.999541
1772816646.071731091 -0.001754 0.001573 0.003680 -0.028290 -0.011109 -0.001788 0.999536
1772816646.171685457 -0.001661 0.001439 0.003674 -0.027919 -0.011152 -0.001906 0.999546
1772816646.271687746 -0.001497 0.001350 0.003371 -0.028104 -0.011022 -0.001667 0.999543
1772816646.371705294 -0.001642 0.000933 0.003678 -0.027977 -0.011278 -0.001856 0.999543
1772816646.471650124 -0.001533 0.000983 0.003760 -0.028143 -0.011124 -0.001879 0.999540
1772816646.571652889 -0.001382 0.000976 0.003787 -0.028103 -0.010949 -0.001973 0.999543
1772816646.671626806 -0.001026 0.001086 0.003353 -0.028206 -0.011032 -0.001940 0.999539
1772816646.771781921 -0.001104 0.001064 0.003549 -0.028516 -0.010984 -0.001836 0.999531
1772816646.871800661 -0.000672 0.001115 0.003610 -0.028215 -0.010769 -0.001847 0.999542
1772816646.971873999 -0.000968 0.001261 0.003847 -0.028062 -0.011142 -0.001834 0.999542
1772816647.071747541 -0.000973 0.001083 0.003761 -0.027974 -0.010838 -0.001977 0.999548
1772816647.171654224 -0.001614 0.001222 0.004050 -0.028460 -0.010969 -0.001988 0.999533
1772816647.271767378 -0.001705 0.000783 0.004204 -0.027958 -0.011095 -0.001760 0.999546
1772816647.371651173 -0.001253 0.001073 0.003709 -0.028115 -0.010984 -0.001887 0.999543
1772816647.471665859 -0.001088 0.001105 0.003424 -0.028240 -0.010862 -0.001782 0.999541
1772816647.571661234 -0.001035 0.000994 0.003068 -0.027961 -0.011026 -0.002022 0.999546
1772816647.671665192 -0.001880 0.001431 0.003102 -0.028037 -0.010895 -0.001936 0.999546
1772816647.771791220 -0.001741 0.001378 0.002783 -0.028151 -0.010968 -0.002020 0.999541
1772816647.871698141 -0.001815 0.001684 0.002585 -0.027973 -0.011061 -0.001838 0.999546
1772816647.971784592 -0.001570 0.001381 0.002986 -0.027997 -0.011217 -0.002004 0.999543
1772816648.071788073 -0.001597 0.001288 0.003238 -0.028042 -0.010727 -0.001898 0.999547
1772816648.171737432 -0.001537 0.001343 0.003247 -0.028081 -0.011221 -0.001732 0.999541
1772816648.271727562 -0.001265 0.000985 0.002944 -0.027963 -0.011143 -0.001813 0.999545
1772816648.371663809 -0.001290 0.001229 0.002943 -0.027943 -0.011140 -0.001910 0.999546
1772816648.471666574 -0.001482 0.001349 0.003217 -0.028165 -0.010878 -0.002103 0.999542
1772816648.571638346 -0.002151 0.001607 0.003719 -0.028001 -0.011173 -0.001862 0.999544
1772816648.671740055 -0.002096 0.001387 0.003937 -0.028230 -0.011252 -0.001985 0.999536
1772816648.771556616 -0.002061 0.001521 0.004130 -0.028017 -0.010769 -0.001786 0.999548
1772816648.871634007 -0.002070 0.001497 0.004018 -0.028320 -0.010884 -0.001889 0.999538
1772816648.971753836 -0.001672 0.001384 0.003556 -0.027890 -0.011359 -0.001805 0.999545
1772816649.071624041 -0.001302 0.001453 0.003387 -0.027947 -0.011382 -0.001861 0.999543
1772816649.171789169 -0.000974 0.001200 0.003575 -0.028418 -0.010771 -0.002097 0.999536
1772816649.271802664 -0.001357 0.001323 0.003282 -0.028351 -0.011086 -0.002028 0.999534
1772816649.372031689 -0.000873 0.001271 0.003390 -0.028108 -0.011108 -0.002069 0.999541
1772816649.471719742 -0.000767 0.001422 0.003961 -0.028277 -0.011111 -0.001928 0.999537
1772816649.571839094 -0.000976 0.001438 0.004142 -0.028309 -0.011268 -0.001954 0.999534
1772816649.671940088 -0.001495 0.001533 0.004756 -0.028118 -0.010752 -0.001980 0.999545
1772816649.771785498 -0.001937 0.001612 0.004373 -0.028223 -0.010995 -0.001864 0.999539
1772816649.871719360 -0.001854 0.001526 0.003674 -0.027925 -0.011054 -0.001871 0.999547
1772816649.971863747 -0.002308 0.001858 0.003315 -0.028165 -0.011072 -0.001848 0.999540
1772816650.071765661 -0.002269 0.001752 0.003066 -0.027958 -0.010854 -0.001970 0.999548
1772816650.171729803 -0.002487 0.001850 0.003784 -0.028179 -0.010911 -0.001899 0.999542
1772816650.271713495 -0.002177 0.001710 0.003869 -0.028264 -0.010890 -0.001933 0.999539
1772816650.371829271 -0.001991 0.001511 0.003835 -0.028026 -0.011164 -0.001948 0.999543
1772816650.471784592 -0.001647 0.001464 0.004136 -0.028327 -0.011116 -0.001859 0.999535
1772816650.571772337 -0.001063 0.001365 0.004248 -0.027976 -0.010775 -0.001898 0.999549
1772816650.671810150 -0.001463 0.001660 0.004158 -0.028265 -0.010959 -0.001762 0.999539
1772816650.771711826 -0.001704 0.001387 0.003941 -0.028062 -0.010886 -0.001930 0.999545
1772816650.871862173 -0.002173 0.001192 0.003783 -0.028093 -0.011087 -0.001839 0.999542
1772816650.971965075 -0.001690 0.001247 0.003417 -0.028116 -0.011128 -0.001992 0.999541
1772816651.071921349 -0.001237 0.001289 0.003224 -0.028380 -0.011004 -0.001936 0.999535
1772816651.172069550 -0.001400 0.001464 0.002974 -0.028102 -0.010866 -0.002055 0.999544
1772816651.272032738 -0.001417 0.001858 0.003498 -0.027937 -0.011088 -0.001873 0.999546
1772816651.372132063 -0.001686 0.001995 0.003813 -0.028130 -0.010963 -0.001881 0.999542
1772816651.472052097 -0.002062 0.001707 0.003910 -0.027888 -0.011028 -0.001897 0.999548
1772816651.572040796 -0.002337 0.001474 0.003734 -0.028162 -0.010866 -0.001686 0.999543
