1772816629.471967936 -0.007135 0.012234 -0.009166 -0.028097 -0.011541 -0.001841 0.999537
1772816629.571891546 -0.007306 0.012409 -0.004878 -0.029194 -0.011593 -0.001674 0.999505
1772816629.672028065 -0.007103 0.012777 -0.006505 -0.027577 -0.010751 -0.001776 0.999560
1772816629.772239208 -0.006745 0.012403 -0.005990 -0.028560 -0.011173 -0.001519 0.999528
1772816629.872016191 -0.006155 0.012159 -0.005621 -0.028326 -0.010864 -0.001790 0.999538
1772816629.972133875 -0.006372 0.012093 -0.005830 -0.028255 -0.011406 -0.001804 0.999534
1772816630.072016716 -0.006032 0.012138 -0.005449 -0.028209 -0.011201 -0.001695 0.999538
1772816630.172269106 -0.006272 0.012579 -0.004903 -0.028030 -0.010980 -0.001762 0.999545
1772816630.272063017 -0.006521 0.012863 -0.005011 -0.028181 -0.011133 -0.001753 0.999539
1772816630.372012854 -0.006273 0.012878 -0.004929 -0.028139 -0.010969 -0.001809 0.999542
1772816630.471921921 -0.006280 0.012949 -0.005223 -0.028182 -0.011199 -0.001700 0.999539
1772816630.572016716 -0.006179 0.012766 -0.005227 -0.028008 -0.011327 -0.001759 0.999542
1772816630.672017813 -0.006420 0.013001 -0.005397 -0.028136 -0.011145 -0.001731 0.999540
1772816630.771920204 -0.006563 0.013031 -0.005475 -0.028065 -0.011138 -0.001741 0.999543
1772816630.871990204 -0.006431 0.013231 -0.005482 -0.028125 -0.011132 -0.001861 0.999541
1772816630.972005367 -0.006052 0.013400 -0.005346 -0.028004 -0.011089 -0.001916 0.999544
1772816631.071816683 -0.006181 0.013053 -0.004467 -0.028001 -0.011252 -0.001777 0.999543
1772816631.171720982 -0.006538 0.013263 -0.004530 -0.028116 -0.011225 -0.001773 0.999540
1772816631.271672726 -0.006414 0.013013 -0.004757 -0.027829 -0.011241 -0.001817 0.999548
1772816631.371562243 -0.006337 0.012839 -0.005520 -0.028280 -0.011100 -0.001637 0.999537
1772816631.471684456 -0.006203 0.012572 -0.005790 -0.027980 -0.011223 -0.001880 0.999544
1772816631.571620941 -0.006275 0.012655 -0.006017 -0.028181 -0.011305 -0.001740 0.999537
1772816631.671788454 -0.006285 0.013043 -0.005815 -0.027953 -0.011096 -0.001866 0.999546
1772816631.771737099 -0.006563 0.012960 -0.005048 -0.028162 -0.011255 -0.001812 0.999538
1772816631.871776342 -0.006620 0.013038 -0.004552 -0.028246 -0.010995 -0.001857 0.999539
1772816631.971833467 -0.006506 0.013187 -0.003959 -0.028106 -0.011085 -0.001809 0.999542
1772816632.071866274 -0.006476 0.013249 -0.004077 -0.028377 -0.011042 -0.001765 0.999535
1772816632.171951771 -0.006227 0.013198 -0.004418 -0.028195 -0.010878 -0.001995 0.999541
1772816632.272019625 -0.006149 0.012962 -0.005249 -0.028117 -0.011051 -0.001691 0.999542
1772816632.372101784 -0.006241 0.012832 -0.005457 -0.028091 -0.011079 -0.001835 0.999542
1772816632.471997023 -0.006380 0.012709 -0.004776 -0.028241 -0.011066 -0.001758 0.999538
1772816632.571969748 -0.006507 0.012684 -0.004182 -0.028509 -0.010710 -0.001750 0.999535
1772816632.671988964 -0.006387 0.012826 -0.004020 -0.028186 -0.010846 -0.001907 0.999542
1772816632.771990299 -0.006821 0.012949 -0.003892 -0.028419 -0.011171 -0.001766 0.999532
1772816632.872061491 -0.006631 0.012656 -0.004136 -0.028038 -0.010916 -0.001757 0.999546
1772816632.971904039 -0.006313 0.012688 -0.005158 -0.028055 -0.011631 -0.001660 0.999537
1772816633.071885347 -0.006158 0.012337 -0.004917 -0.028053 -0.011082 -0.001850 0.999543
1772816633.171885014 -0.006297 0.011919 -0.004662 -0.028244 -0.011130 -0.001764 0.999538
1772816633.272006035 -0.006436 0.011832 -0.004796 -0.028073 -0.011322 -0.001737 0.999540
1772816633.372141123 -0.006503 0.011749 -0.005111 -0.028256 -0.011071 -0.001846 0.999538
1772816633.472064257 -0.006777 0.012255 -0.004554 -0.028183 -0.011194 -0.001707 0.999539
1772816633.572041512 -0.006633 0.012331 -0.004561 -0.028110 -0.010909 -0.001867 0.999544
1772816633.672093391 -0.006577 0.012845 -0.004480 -0.028201 -0.010992 -0.001598 0.999541
1772816633.771958590 -0.006681 0.012460 -0.004226 -0.028150 -0.011027 -0.001863 0.999541
1772816633.872098684 -0.006785 0.012590 -0.004206 -0.028308 -0.010893 -0.001557 0.999539
1772816633.972076893 -0.006646 0.012533 -0.004513 -0.028344 -0.010754 -0.001877 0.999539
1772816634.072021008 -0.006297 0.012699 -0.005358 -0.028108 -0.010894 -0.001862 0.999544
1772816634.172007084 -0.006825 0.013042 -0.004902 -0.028510 -0.010749 -0.001871 0.999534
1772816634.271987200 -0.007211 0.012741 -0.004702 -0.028015 -0.011019 -0.001891 0.999545
1772816634.372014523 -0.007625 0.012869 -0.004519 -0.028033 -0.011097 -0.001668 0.999544
1772816634.471983910 -0.007461 0.012586 -0.004450 -0.028038 -0.011100 -0.001892 0.999543
1772816634.571963787 -0.007118 0.012511 -0.004741 -0.028436 -0.011048 -0.001766 0.999533
1772816634.671970844 -0.006599 0.012223 -0.004313 -0.028119 -0.010852 -0.002013 0.999544
1772816634.771922827 -0.006311 0.012190 -0.004622 -0.028425 -0.010608 -0.001767 0.999538
1772816634.872093439 -0.006397 0.012215 -0.004666 -0.028339 -0.010911 -0.001842 0.999537
1772816634.972075701 -0.006186 0.011906 -0.004724 -0.028513 -0.010805 -0.002032 0.999533
1772816635.071964025 -0.006187 0.012345 -0.005308 -0.028230 -0.010913 -0.001838 0.999540
1772816635.172074080 -0.005885 0.012310 -0.005740 -0.028152 -0.011038 -0.001968 0.999541
1772816635.271848679 -0.005815 0.012632 -0.005710 -0.028245 -0.011394 -0.001747 0.999535
1772816635.371928930 -0.006036 0.012261 -0.005282 -0.027991 -0.011016 -0.001868 0.999546
1772816635.471873045 -0.006465 0.012457 -0.004693 -0.028183 -0.011069 -0.001660 0.999540
1772816635.571807623 -0.006385 0.012291 -0.004744 -0.028201 -0.010948 -0.001850 0.999541
1772816635.671830654 -0.005856 0.012290 -0.005749 -0.028213 -0.011242 -0.001860 0.999537
1772816635.771775007 -0.005523 0.012560 -0.005413 -0.028280 -0.011287 -0.001874 0.999535
1772816635.871843100 -0.005600 0.012414 -0.005210 -0.028202 -0.010897 -0.002023 0.999541
1772816635.972098589 -0.006051 0.012984 -0.004885 -0.028276 -0.011012 -0.001820 0.999538
1772816636.071946621 -0.005658 0.012687 -0.004993 -0.028103 -0.011290 -0.001940 0.999539
1772816636.171921253 -0.005983 0.012876 -0.004546 -0.028220 -0.011230 -0.001758 0.999537
1772816636.271976948 -0.006168 0.012812 -0.004767 -0.028098 -0.011281 -0.001813 0.999540
1772816636.372102022 -0.006241 0.012516 -0.005232 -0.028307 -0.011102 -0.001767 0.999536
1772816636.472055197 -0.006564 0.012842 -0.005153 -0.028304 -0.011133 -0.001813 0.999536
1772816636.572066069 -0.006486 0.012222 -0.005455 -0.028196 -0.010980 -0.001688 0.999541
1772816636.672116518 -0.006616 0.012571 -0.005388 -0.028207 -0.011061 -0.001820 0.999539
1772816636.771997690 -0.006247 0.011945 -0.005233 -0.028082 -0.011018 -0.001832 0.999543
1772816636.872016668 -0.006216 0.012348 -0.005178 -0.028176 -0.011135 -0.001779 0.999539
1772816636.972026348 -0.006384 0.012485 -0.004861 -0.028100 -0.011146 -0.001611 0.999542
1772816637.071868658 -0.006582 0.012520 -0.004274 -0.028191 -0.010886 -0.001826 0.999542
1772816637.171988249 -0.006721 0.012416 -0.004528 -0.028230 -0.010819 -0.001780 0.999541
1772816637.272103071 -0.006788 0.012383 -0.005520 -0.028045 -0.011082 -0.001881 0.999543
1772816637.372144222 -0.007024 0.012633 -0.005511 -0.028218 -0.010958 -0.001749 0.999540
1772816637.472066879 -0.006379 0.012381 -0.005675 -0.028215 -0.010986 -0.001793 0.999540
1772816637.572035789 -0.006318 0.012528 -0.005420 -0.028200 -0.011201 -0.001745 0.999538
1772816637.672065973 -0.005936 0.012607 -0.005477 -0.028079 -0.011268 -0.001855 0.999540
1772816637.772079229 -0.006162 0.012704 -0.004875 -0.028305 -0.010885 -0.001770 0.999539
1772816637.872138262 -0.006265 0.012436 -0.004979 -0.028069 -0.011353 -0.001715 0.999540
1772816637.972059250 -0.006195 0.012359 -0.005090 -0.027942 -0.011067 -0.001828 0.999547
1772816638.072072029 -0.006348 0.012359 -0.005067 -0.028440 -0.011203 -0.001760 0.999531
1772816638.172123194 -0.005695 0.012106 -0.005739 -0.028263 -0.010955 -0.002035 0.999538
1772816638.272134781 -0.005567 0.012274 -0.006103 -0.028319 -0.011347 -0.001857 0.999533
1772816638.372275352 -0.005215 0.012216 -0.006208 -0.028204 -0.010892 -0.001900 0.999541
1772816638.472249985 -0.005652 0.012808 -0.005283 -0.028119 -0.011087 -0.001781 0.999542
1772816638.572157860 -0.006106 0.012531 -0.004253 -0.028272 -0.011035 -0.001786 0.999538
1772816638.672237158 -0.006477 0.012544 -0.004028 -0.028333 -0.010725 -0.001776 0.999539
1772816638.772131920 -0.006687 0.012331 -0.004495 -0.028177 -0.011185 -0.001679 0.999539
1772816638.872202873 -0.006796 0.012548 -0.004991 -0.028338 -0.010926 -0.001843 0.999537
1772816638.972047091 -0.006739 0.012664 -0.005008 -0.028199 -0.010961 -0.001846 0.999541
1772816639.072065830 -0.006361 0.012412 -0.005329 -0.028131 -0.010911 -0.002003 0.999543
1772816639.172025919 -0.006452 0.012601 -0.005080 -0.028323 -0.011321 -0.001804 0.999533
1772816639.271971226 -0.006189 0.012581 -0.004959 -0.028242 -0.010592 -0.001900 0.999543
1772816639.371891022 -0.006705 0.012718 -0.004083 -0.028077 -0.011164 -0.001736 0.999542
1772816639.471847057 -0.006804 0.012836 -0.004092 -0.027975 -0.011267 -0.001761 0.999544
1772816639.571830511 -0.007064 0.013080 -0.004617 -0.028164 -0.011006 -0.001733 0.999541
1772816639.671873331 -0.007615 0.012861 -0.004540 -0.028334 -0.010926 -0.001657 0.999537
1772816639.771878958 -0.007055 0.012825 -0.005233 -0.028114 -0.011195 -0.001948 0.999540
1772816639.871704578 -0.006837 0.012738 -0.005122 -0.028266 -0.011306 -0.001924 0.999535
1772816639.972040415 -0.006485 0.012969 -0.005164 -0.028389 -0.011225 -0.001971 0.999532
1772816640.071925879 -0.006943 0.013509 -0.004686 -0.028258 -0.010754 -0.001860 0.999541
1772816640.171966076 -0.007090 0.013666 -0.004797 -0.028090 -0.011095 -0.001841 0.999542
1772816640.271997452 -0.007081 0.013959 -0.005357 -0.028237 -0.010977 -0.001701 0.999540
1772816640.372138977 -0.007486 0.013014 -0.005295 -0.028119 -0.011038 -0.001741 0.999542
1772816640.471997499 -0.007259 0.012849 -0.005755 -0.027968 -0.010772 -0.001793 0.999549
1772816640.571978092 -0.007086 0.012796 -0.005438 -0.028331 -0.010892 -0.001789 0.999538
1772816640.671940565 -0.006760 0.012199 -0.005164 -0.028164 -0.010874 -0.002107 0.999542
1772816640.771860600 -0.006576 0.012220 -0.005107 -0.028312 -0.011352 -0.001789 0.999533
1772816640.871803761 -0.006384 0.012457 -0.005171 -0.028165 -0.011133 -0.001982 0.999539
1772816640.971839905 -0.006476 0.012942 -0.004578 -0.028138 -0.010895 -0.001834 0.999543
1772816641.071868420 -0.006560 0.012767 -0.004470 -0.028336 -0.010750 -0.001892 0.999539
1772816641.171883345 -0.006837 0.012750 -0.004809 -0.028007 -0.010991 -0.001919 0.999545
1772816641.271964073 -0.007090 0.013031 -0.005235 -0.028195 -0.011148 -0.001591 0.999539
1772816641.371887922 -0.007086 0.012859 -0.005393 -0.028326 -0.011030 -0.001902 0.999536
1772816641.472060680 -0.007391 0.013052 -0.005282 -0.028367 -0.011186 -0.001792 0.999533
1772816641.571987152 -0.007053 0.012941 -0.005164 -0.028165 -0.010967 -0.001941 0.999541
1772816641.672066450 -0.006726 0.013329 -0.005036 -0.028169 -0.011144 -0.001790 0.999539
1772816641.772089243 -0.006776 0.012976 -0.004978 -0.028193 -0.011014 -0.001802 0.999540
1772816641.872075796 -0.007214 0.012936 -0.004462 -0.028012 -0.010940 -0.001889 0.999546
1772816641.971975088 -0.007196 0.013187 -0.004359 -0.027988 -0.011154 -0.001630 0.999545
1772816642.071970701 -0.007152 0.012707 -0.004789 -0.028146 -0.010790 -0.001855 0.999544
1772816642.172032356 -0.006858 0.012691 -0.005299 -0.028312 -0.011028 -0.001645 0.999537
1772816642.271916628 -0.006337 0.012679 -0.005026 -0.028245 -0.010824 -0.002038 0.999540
1772816642.371918678 -0.006811 0.013056 -0.005107 -0.028262 -0.010997 -0.001929 0.999538
1772816642.471896648 -0.006854 0.012994 -0.005169 -0.028470 -0.010967 -0.001913 0.999533
1772816642.571805239 -0.007019 0.012975 -0.004967 -0.028026 -0.011074 -0.001981 0.999544
1772816642.671911716 -0.006704 0.013035 -0.004866 -0.028122 -0.011369 -0.001636 0.999539
1772816642.771859407 -0.006550 0.012892 -0.004738 -0.028282 -0.010990 -0.001826 0.999538
1772816642.871919870 -0.007103 0.012797 -0.005170 -0.028187 -0.011251 -0.001892 0.999538
1772816642.971870661 -0.006875 0.012609 -0.005076 -0.027894 -0.010971 -0.001685 0.999549
1772816643.071788311 -0.007055 0.012790 -0.004804 -0.028217 -0.011306 -0.001674 0.999536
1772816643.171794415 -0.006806 0.012559 -0.004979 -0.028094 -0.011107 -0.001820 0.999542
1772816643.271729946 -0.006736 0.012138 -0.004814 -0.028160 -0.011292 -0.001664 0.999538
1772816643.371743202 -0.006496 0.012401 -0.004944 -0.028173 -0.010990 -0.001910 0.999541
1772816643.471794844 -0.006487 0.012394 -0.004961 -0.028004 -0.011295 -0.001979 0.999542
1772816643.571916580 -0.006514 0.012870 -0.004848 -0.028342 -0.011030 -0.001905 0.999536
1772816643.671684742 -0.006025 0.012799 -0.004928 -0.027888 -0.010833 -0.002080 0.999550
1772816643.771777153 -0.006392 0.013305 -0.005282 -0.028224 -0.010775 -0.001841 0.999542
1772816643.871732950 -0.006847 0.012927 -0.005099 -0.028245 -0.010786 -0.001996 0.999541
1772816643.971737862 -0.007373 0.012432 -0.004893 -0.028383 -0.010648 -0.001887 0.999539
1772816644.071945906 -0.007421 0.012584 -0.004812 -0.028180 -0.011216 -0.001817 0.999538
1772816644.171646118 -0.007244 0.012686 -0.004506 -0.028159 -0.010750 -0.001917 0.999544
1772816644.271823645 -0.007334 0.013039 -0.004853 -0.028444 -0.011088 -0.002006 0.999532
1772816644.371651173 -0.007063 0.012962 -0.004717 -0.027994 -0.010974 -0.001955 0.999546
1772816644.471777916 -0.007714 0.013292 -0.004836 -0.028082 -0.011063 -0.001879 0.999543
1772816644.571728468 -0.007810 0.013200 -0.005089 -0.028108 -0.011098 -0.001781 0.999542
1772816644.671592474 -0.008232 0.012774 -0.004698 -0.028135 -0.011083 -0.001863 0.999541
1772816644.771710157 -0.008028 0.012863 -0.004417 -0.028369 -0.011063 -0.001782 0.999535
1772816644.871628761 -0.007655 0.013049 -0.004871 -0.028173 -0.011060 -0.001866 0.999540
1772816644.971729279 -0.007749 0.013151 -0.004884 -0.028221 -0.011094 -0.001840 0.999538
1772816645.071643353 -0.007598 0.013111 -0.004826 -0.028086 -0.010788 -0.001872 0.999546
1772816645.171579599 -0.007731 0.013498 -0.004638 -0.028157 -0.011040 -0.001901 0.999541
1772816645.271682978 -0.007143 0.013241 -0.004486 -0.028010 -0.011237 -0.001760 0.999543
1772816645.371656895 -0.007114 0.013020 -0.004336 -0.028245 -0.010898 -0.001825 0.999540
1772816645.471804619 -0.006937 0.012967 -0.004744 -0.028176 -0.010929 -0.001913 0.999541
1772816645.571789265 -0.006994 0.012989 -0.005420 -0.028159 -0.010988 -0.001816 0.999541
1772816645.671705961 -0.007169 0.012863 -0.005362 -0.028193 -0.011141 -0.001964 0.999538
1772816645.771749973 -0.007165 0.012706 -0.005751 -0.028297 -0.011321 -0.001893 0.999534
1772816645.871645927 -0.007234 0.012866 -0.005397 -0.028135 -0.011103 -0.001888 0.999541
1772816645.971723795 -0.007048 0.012964 -0.005354 -0.028101 -0.011149 -0.001909 0.999541
1772816646.071731091 -0.007525 0.013119 -0.005117 -0.028290 -0.011109 -0.001788 0.999536
1772816646.171685457 -0.007428 0.012992 -0.005115 -0.027919 -0.011152 -0.001906 0.999546
1772816646.271687746 -0.007273 0.012897 -0.005421 -0.028104 -0.011022 -0.001667 0.999543
1772816646.371705294 -0.007409 0.012485 -0.005114 -0.027977 -0.011278 -0.001856 0.999543
1772816646.471650124 -0.007301 0.012532 -0.005034 -0.028143 -0.011124 -0.001879 0.999540
1772816646.571652889 -0.007151 0.012527 -0.005004 -0.028103 -0.010949 -0.001973 0.999543
1772816646.671626806 -0.006795 0.012635 -0.005442 -0.028206 -0.011032 -0.001940 0.999539
1772816646.771781921 -0.006876 0.012607 -0.005252 -0.028516 -0.010984 -0.001836 0.999531
1772816646.871800661 -0.006447 0.012662 -0.005181 -0.028215 -0.010769 -0.001847 0.999542
1772816646.971873999 -0.006738 0.012811 -0.004945 -0.028062 -0.011142 -0.001834 0.999542
1772816647.071747541 -0.006745 0.012637 -0.005026 -0.027974 -0.010838 -0.001977 0.999548
1772816647.171654224 -0.007383 0.012767 -0.004749 -0.028460 -0.010969 -0.001988 0.999533
1772816647.271767378 -0.007477 0.012334 -0.004585 -0.027958 -0.011095 -0.001760 0.999546
1772816647.371651173 -0.007024 0.012622 -0.005083 -0.028115 -0.010984 -0.001887 0.999543
1772816647.471665859 -0.006863 0.012652 -0.005370 -0.028240 -0.010862 -0.001782 0.999541
1772816647.571661234 -0.006802 0.012549 -0.005720 -0.027961 -0.011026 -0.002022 0.999546
1772816647.671665192 -0.007652 0.012983 -0.005687 -0.028037 -0.010895 -0.001936 0.999546
1772816647.771791220 -0.007509 0.012929 -0.006010 -0.028151 -0.010968 -0.002020 0.999541
1772816647.871698141 -0.007586 0.013236 -0.006204 -0.027973 -0.011061 -0.001838 0.999546
1772816647.971784592 -0.007334 0.012935 -0.005805 -0.027997 -0.011217 -0.002004 0.999543
1772816648.071788073 -0.007372 0.012839 -0.005550 -0.028042 -0.010727 -0.001898 0.999547
1772816648.171737432 -0.007308 0.012892 -0.005547 -0.028081 -0.011221 -0.001732 0.999541
1772816648.271727562 -0.007035 0.012536 -0.005846 -0.027963 -0.011143 -0.001813 0.999545
1772816648.371663809 -0.007058 0.012782 -0.005847 -0.027943 -0.011140 -0.001910 0.999546
1772816648.471666574 -0.007250 0.012901 -0.005575 -0.028165 -0.010878 -0.002103 0.999542
1772816648.571638346 -0.007920 0.013158 -0.005073 -0.028001 -0.011173 -0.001862 0.999544
1772816648.671740055 -0.007860 0.012936 -0.004861 -0.028230 -0.011252 -0.001985 0.999536
1772816648.771556616 -0.007838 0.013072 -0.004657 -0.028017 -0.010769 -0.001786 0.999548
1772816648.871634007 -0.007843 0.013043 -0.004778 -0.028320 -0.010884 -0.001889 0.999538
1772816648.971753836 -0.007439 0.012936 -0.005235 -0.027890 -0.011359 -0.001805 0.999545
1772816649.071624041 -0.007067 0.013005 -0.005405 -0.027947 -0.011382 -0.001861 0.999543
1772816649.171789169 -0.006744 0.012747 -0.005222 -0.028418 -0.010771 -0.002097 0.999536
1772816649.271802664 -0.007123 0.012871 -0.005516 -0.028351 -0.011086 -0.002028 0.999534
1772816649.372031689 -0.006638 0.012823 -0.005403 -0.028108 -0.011108 -0.002069 0.999541
1772816649.471719742 -0.006535 0.012970 -0.004836 -0.028277 -0.011111 -0.001928 0.999537
1772816649.571839094 -0.006741 0.012985 -0.004657 -0.028309 -0.011268 -0.001954 0.999534
1772816649.671940088 -0.007267 0.013084 -0.004033 -0.028118 -0.010752 -0.001980 0.999545
1772816649.771785498 -0.007708 0.013160 -0.004421 -0.028223 -0.010995 -0.001864 0.999539
1772816649.871719360 -0.007624 0.013079 -0.005114 -0.027925 -0.011054 -0.001871 0.999547
1772816649.971863747 -0.008079 0.013406 -0.005479 -0.028165 -0.011072 -0.001848 0.999540
1772816650.071765661 -0.008040 0.013306 -0.005721 -0.027958 -0.010854 -0.001970 0.999548
1772816650.171729803 -0.008259 0.013399 -0.005008 -0.028179 -0.010911 -0.001899 0.999542
1772816650.271713495 -0.007949 0.013258 -0.004925 -0.028264 -0.010890 -0.001933 0.999539
1772816650.371829271 -0.007757 0.013063 -0.004957 -0.028026 -0.011164 -0.001948 0.999543
1772816650.471784592 -0.007416 0.013010 -0.004662 -0.028327 -0.011116 -0.001859 0.999535
1772816650.571772337 -0.006837 0.012918 -0.004539 -0.027976 -0.010775 -0.001898 0.999549
1772816650.671810150 -0.007237 0.013205 -0.004637 -0.028265 -0.010959 -0.001762 0.999539
1772816650.771711826 -0.007476 0.012939 -0.004849 -0.028062 -0.010886 -0.001930 0.999545
1772816650.871862173 -0.007944 0.012741 -0.005010 -0.028093 -0.011087 -0.001839 0.999542
1772816650.971965075 -0.007457 0.012798 -0.005376 -0.028116 -0.011128 -0.001992 0.999541
1772816651.071921349 -0.007006 0.012835 -0.005574 -0.028380 -0.011004 -0.001936 0.999535
1772816651.172069550 -0.007169 0.013016 -0.005817 -0.028102 -0.010866 -0.002055 0.999544
1772816651.272032738 -0.007186 0.013411 -0.005291 -0.027937 -0.011088 -0.001873 0.999546
1772816651.372132063 -0.007458 0.013545 -0.004979 -0.028130 -0.010963 -0.001881 0.999542
1772816651.472052097 -0.007832 0.013261 -0.004877 -0.027888 -0.011028 -0.001897 0.999548
1772816651.572040796 -0.008114 0.013021 -0.005057 -0.028162 -0.010866 -0.001686 0.999543
