1772811493.878658295 -0.001071 0.000344 -0.000204 -0.026058 -0.007694 -0.001365 0.999630
1772811493.884893656 -0.001047 0.000303 0.000056 -0.026085 -0.007718 -0.001341 0.999629
1772811493.906808138 -0.000934 0.000168 0.000755 -0.026427 -0.008092 -0.001161 0.999617
1772811493.906947613 -0.000933 0.000168 0.000759 -0.026429 -0.008092 -0.001161 0.999617
1772811493.914887905 -0.000891 0.000136 0.001002 -0.026486 -0.008200 -0.001154 0.999615
1772811493.924849987 -0.000839 0.000099 0.001303 -0.026613 -0.008278 -0.001164 0.999611
1772811493.934843063 -0.000790 0.000061 0.001597 -0.026806 -0.008363 -0.001192 0.999605
1772811493.944847345 -0.000747 0.000006 0.001890 -0.026884 -0.008513 -0.001205 0.999602
1772811493.954898834 -0.000696 -0.000073 0.002125 -0.027009 -0.008450 -0.001231 0.999599
1772811493.964871168 -0.000658 -0.000142 0.002267 -0.027077 -0.008507 -0.001257 0.999596
1772811493.974910259 -0.000631 -0.000185 0.002364 -0.027204 -0.008435 -0.001314 0.999593
1772811493.978738070 -0.000616 -0.000198 0.002399 -0.027199 -0.008458 -0.001307 0.999593
1772811493.978738070 -0.000616 -0.000198 0.002399 -0.027199 -0.008458 -0.001307 0.999593
1772811493.984939098 -0.000593 -0.000241 0.002400 -0.027102 -0.008418 -0.001287 0.999596
1772811494.005548716 -0.000547 -0.000462 0.002448 -0.026651 -0.007862 -0.001287 0.999613
1772811494.005613804 -0.000547 -0.000463 0.002449 -0.026650 -0.007861 -0.001287 0.999613
1772811494.014872313 -0.000543 -0.000546 0.002467 -0.026496 -0.007797 -0.001293 0.999618
1772811494.024857759 -0.000520 -0.000607 0.002442 -0.026391 -0.007684 -0.001332 0.999621
1772811494.034842968 -0.000499 -0.000640 0.002365 -0.026217 -0.007535 -0.001306 0.999627
1772811494.044863939 -0.000500 -0.000678 0.002258 -0.025909 -0.007366 -0.001278 0.999636
1772811494.054909945 -0.000544 -0.000724 0.002146 -0.025672 -0.007228 -0.001268 0.999643
1772811494.064819813 -0.000627 -0.000776 0.002033 -0.025555 -0.007201 -0.001232 0.999647
1772811494.074874163 -0.000713 -0.000834 0.001892 -0.025398 -0.007175 -0.001235 0.999651
1772811494.078662872 -0.000743 -0.000849 0.001824 -0.025423 -0.007129 -0.001261 0.999651
1772811494.078662872 -0.000743 -0.000849 0.001824 -0.025423 -0.007129 -0.001261 0.999651
1772811494.084884644 -0.000781 -0.000883 0.001936 -0.025537 -0.007107 -0.001303 0.999648
1772811494.105579615 -0.000852 -0.000967 0.002796 -0.025859 -0.007594 -0.001205 0.999636
1772811494.105722666 -0.000852 -0.000967 0.002798 -0.025861 -0.007595 -0.001206 0.999636
1772811494.114832401 -0.000877 -0.000990 0.002941 -0.025942 -0.007541 -0.001251 0.999634
1772811494.124830723 -0.000911 -0.001002 0.003103 -0.026067 -0.007603 -0.001249 0.999630
1772811494.134817839 -0.000941 -0.001002 0.003213 -0.026194 -0.007709 -0.001191 0.999626
1772811494.144860268 -0.000976 -0.000987 0.003259 -0.026189 -0.007823 -0.001153 0.999626
1772811494.154854774 -0.001018 -0.000972 0.003243 -0.026275 -0.007692 -0.001160 0.999624
1772811494.164874077 -0.001070 -0.000976 0.003196 -0.026436 -0.007775 -0.001122 0.999620
1772811494.174943686 -0.001122 -0.001000 0.003135 -0.026566 -0.007850 -0.001133 0.999616
1772811494.178729296 -0.001138 -0.001013 0.003063 -0.026589 -0.007907 -0.001157 0.999615
1772811494.178729296 -0.001138 -0.001013 0.003063 -0.026589 -0.007907 -0.001157 0.999615
1772811494.185066462 -0.001164 -0.001036 0.003211 -0.026589 -0.007965 -0.001200 0.999614
1772811494.205391884 -0.001196 -0.001124 0.003843 -0.026515 -0.007837 -0.001227 0.999617
1772811494.205499887 -0.001195 -0.001124 0.003845 -0.026515 -0.007837 -0.001226 0.999617
1772811494.214859486 -0.001186 -0.001145 0.003956 -0.026442 -0.007715 -0.001288 0.999620
1772811494.224847555 -0.001165 -0.001150 0.004024 -0.026359 -0.007640 -0.001263 0.999623
1772811494.234824657 -0.001152 -0.001143 0.004049 -0.026385 -0.007550 -0.001245 0.999623
1772811494.244844913 -0.001152 -0.001119 0.004026 -0.026348 -0.007435 -0.001303 0.999624
1772811494.254913568 -0.001161 -0.001072 0.003970 -0.026275 -0.007424 -0.001365 0.999626
1772811494.264861822 -0.001174 -0.001018 0.003881 -0.026301 -0.007458 -0.001406 0.999625
1772811494.274966955 -0.001163 -0.000973 0.003736 -0.026223 -0.007521 -0.001434 0.999627
1772811494.278605461 -0.001152 -0.000958 0.003651 -0.026219 -0.007526 -0.001459 0.999627
1772811494.278605461 -0.001152 -0.000958 0.003651 -0.026219 -0.007526 -0.001459 0.999627
1772811494.284909964 -0.001123 -0.000944 0.003680 -0.026222 -0.007536 -0.001494 0.999627
1772811494.305480242 -0.001012 -0.000915 0.004039 -0.026213 -0.007418 -0.001305 0.999628
1772811494.306115627 -0.001009 -0.000915 0.004038 -0.026213 -0.007419 -0.001305 0.999628
1772811494.314890623 -0.000989 -0.000894 0.004075 -0.026146 -0.007496 -0.001254 0.999629
1772811494.324860811 -0.000978 -0.000845 0.004111 -0.026152 -0.007482 -0.001174 0.999629
1772811494.334852934 -0.000973 -0.000777 0.004095 -0.026174 -0.007644 -0.001136 0.999628
1772811494.344830751 -0.000992 -0.000706 0.004017 -0.026208 -0.007714 -0.001142 0.999626
1772811494.355026722 -0.001038 -0.000645 0.003911 -0.026275 -0.007632 -0.001205 0.999625
1772811494.364999294 -0.001116 -0.000588 0.003818 -0.026341 -0.007610 -0.001272 0.999623
1772811494.374922752 -0.001203 -0.000521 0.003706 -0.026344 -0.007646 -0.001289 0.999623
1772811494.378695011 -0.001230 -0.000495 0.003624 -0.026328 -0.007638 -0.001293 0.999623
1772811494.378695011 -0.001230 -0.000495 0.003624 -0.026328 -0.007638 -0.001293 0.999623
1772811494.384885073 -0.001245 -0.000445 0.003671 -0.026306 -0.007636 -0.001292 0.999624
1772811494.405759335 -0.001188 -0.000325 0.003967 -0.026174 -0.007584 -0.001146 0.999628
1772811494.405884743 -0.001188 -0.000325 0.003966 -0.026173 -0.007585 -0.001145 0.999628
1772811494.414876223 -0.001161 -0.000298 0.003927 -0.026205 -0.007617 -0.001124 0.999627
1772811494.424886703 -0.001155 -0.000267 0.003905 -0.026243 -0.007675 -0.001072 0.999626
1772811494.434869051 -0.001169 -0.000225 0.003863 -0.026314 -0.007699 -0.001130 0.999623
1772811494.444879293 -0.001185 -0.000177 0.003811 -0.026291 -0.007833 -0.001155 0.999623
1772811494.454908609 -0.001192 -0.000133 0.003739 -0.026337 -0.007789 -0.001184 0.999622
1772811494.464908600 -0.001195 -0.000105 0.003616 -0.026378 -0.007852 -0.001174 0.999621
1772811494.475090981 -0.001213 -0.000084 0.003440 -0.026406 -0.007804 -0.001198 0.999620
1772811494.478634834 -0.001226 -0.000074 0.003344 -0.026398 -0.007791 -0.001210 0.999620
1772811494.478634834 -0.001226 -0.000074 0.003344 -0.026398 -0.007791 -0.001210 0.999620
1772811494.484937906 -0.001234 -0.000069 0.003358 -0.026370 -0.007764 -0.001227 0.999621
1772811494.506245136 -0.001239 -0.000081 0.003673 -0.026130 -0.007552 -0.001176 0.999629
1772811494.506397724 -0.001240 -0.000081 0.003673 -0.026129 -0.007553 -0.001176 0.999629
1772811494.514919281 -0.001250 -0.000071 0.003686 -0.026117 -0.007689 -0.001213 0.999629
1772811494.525019646 -0.001223 -0.000070 0.003677 -0.026183 -0.007768 -0.001211 0.999626
1772811494.534859896 -0.001181 -0.000068 0.003615 -0.026208 -0.007790 -0.001228 0.999625
1772811494.544996500 -0.001159 -0.000064 0.003534 -0.026247 -0.007772 -0.001246 0.999625
1772811494.554937840 -0.001171 -0.000056 0.003435 -0.026098 -0.007816 -0.001225 0.999628
1772811494.564883232 -0.001232 -0.000037 0.003321 -0.026016 -0.007846 -0.001251 0.999630
1772811494.574904680 -0.001310 -0.000011 0.003158 -0.026026 -0.007772 -0.001212 0.999630
1772811494.578604221 -0.001337 0.000001 0.003057 -0.026012 -0.007765 -0.001193 0.999631
1772811494.578604221 -0.001337 0.000001 0.003057 -0.026012 -0.007765 -0.001193 0.999631
1772811494.584932089 -0.001339 0.000009 0.003065 -0.026003 -0.007772 -0.001161 0.999631
1772811494.606360197 -0.001294 0.000051 0.003332 -0.026309 -0.007824 -0.001165 0.999623
1772811494.606441021 -0.001294 0.000051 0.003332 -0.026310 -0.007824 -0.001165 0.999623
1772811494.614915371 -0.001322 0.000063 0.003307 -0.026312 -0.007913 -0.001180 0.999622
1772811494.624909878 -0.001356 0.000071 0.003294 -0.026314 -0.008049 -0.001193 0.999621
1772811494.634856224 -0.001365 0.000070 0.003266 -0.026400 -0.007935 -0.001178 0.999619
1772811494.644987106 -0.001341 0.000054 0.003198 -0.026467 -0.007902 -0.001268 0.999618
1772811494.654905558 -0.001315 0.000025 0.003060 -0.026477 -0.007922 -0.001313 0.999617
1772811494.664906025 -0.001309 0.000010 0.002855 -0.026432 -0.007896 -0.001326 0.999619
1772811494.675030470 -0.001329 0.000011 0.002625 -0.026462 -0.007932 -0.001317 0.999617
1772811494.678710222 -0.001346 0.000009 0.002518 -0.026458 -0.007924 -0.001326 0.999618
1772811494.678710222 -0.001346 0.000009 0.002518 -0.026458 -0.007924 -0.001326 0.999618
1772811494.685024738 -0.001337 0.000016 0.002528 -0.026432 -0.007889 -0.001347 0.999619
1772811494.705634832 -0.001247 -0.000009 0.002876 -0.026342 -0.007860 -0.001300 0.999621
1772811494.705732346 -0.001246 -0.000010 0.002877 -0.026342 -0.007861 -0.001301 0.999621
1772811494.714892864 -0.001214 -0.000051 0.002910 -0.026403 -0.007874 -0.001342 0.999619
1772811494.724889040 -0.001163 -0.000075 0.002912 -0.026394 -0.007886 -0.001368 0.999620
1772811494.734883547 -0.001129 -0.000074 0.002888 -0.026299 -0.007768 -0.001365 0.999623
1772811494.744997740 -0.001137 -0.000064 0.002843 -0.026225 -0.007783 -0.001379 0.999625
1772811494.755005598 -0.001160 -0.000048 0.002771 -0.026173 -0.007711 -0.001391 0.999627
1772811494.764942646 -0.001196 -0.000028 0.002678 -0.026184 -0.007698 -0.001437 0.999626
1772811494.774999857 -0.001235 -0.000010 0.002542 -0.026222 -0.007685 -0.001437 0.999626
1772811494.778956175 -0.001249 -0.000004 0.002448 -0.026245 -0.007685 -0.001459 0.999625
1772811494.778956175 -0.001249 -0.000004 0.002448 -0.026245 -0.007685 -0.001459 0.999625
1772811494.785192490 -0.001249 0.000012 0.002498 -0.026278 -0.007688 -0.001484 0.999624
1772811494.805860996 -0.001272 0.000028 0.003006 -0.026288 -0.007853 -0.001361 0.999623
1772811494.805984974 -0.001273 0.000028 0.003007 -0.026289 -0.007854 -0.001361 0.999623
1772811494.814881802 -0.001311 0.000015 0.003104 -0.026235 -0.007885 -0.001351 0.999624
1772811494.824977160 -0.001350 0.000004 0.003208 -0.026224 -0.007900 -0.001300 0.999624
1772811494.834940672 -0.001363 0.000010 0.003228 -0.026197 -0.007896 -0.001278 0.999625
1772811494.844997406 -0.001369 0.000034 0.003155 -0.026087 -0.007927 -0.001253 0.999627
1772811494.855056763 -0.001406 0.000061 0.003048 -0.026152 -0.007797 -0.001228 0.999627
1772811494.864934206 -0.001467 0.000085 0.002936 -0.026133 -0.007927 -0.001186 0.999626
1772811494.875103712 -0.001532 0.000095 0.002817 -0.026154 -0.007882 -0.001242 0.999626
1772811494.878829479 -0.001556 0.000094 0.002747 -0.026214 -0.007872 -0.001260 0.999625
1772811494.878829479 -0.001556 0.000094 0.002747 -0.026214 -0.007872 -0.001260 0.999625
1772811494.885097742 -0.001573 0.000095 0.002862 -0.026318 -0.007829 -0.001292 0.999622
1772811494.905915976 -0.001450 0.000073 0.003442 -0.026255 -0.007574 -0.001370 0.999626
1772811494.906012774 -0.001449 0.000072 0.003442 -0.026254 -0.007575 -0.001371 0.999626
1772811494.914951801 -0.001380 0.000050 0.003471 -0.026239 -0.007473 -0.001371 0.999627
1772811494.924894571 -0.001318 0.000042 0.003460 -0.026233 -0.007500 -0.001323 0.999627
1772811494.934934139 -0.001283 0.000044 0.003426 -0.026207 -0.007385 -0.001329 0.999628
1772811494.944937468 -0.001282 0.000060 0.003378 -0.026194 -0.007249 -0.001372 0.999630
1772811494.954953432 -0.001288 0.000098 0.003301 -0.026225 -0.007199 -0.001397 0.999629
1772811494.964927435 -0.001289 0.000137 0.003195 -0.026228 -0.007190 -0.001426 0.999629
1772811494.974930286 -0.001288 0.000170 0.003053 -0.026267 -0.007171 -0.001453 0.999628
1772811494.978785038 -0.001290 0.000182 0.002964 -0.026256 -0.007205 -0.001464 0.999628
1772811494.978785038 -0.001290 0.000182 0.002964 -0.026256 -0.007205 -0.001464 0.999628
1772811494.985044956 -0.001237 0.000221 0.003028 -0.026234 -0.007281 -0.001476 0.999628
1772811495.006115198 -0.001056 0.000330 0.003611 -0.026235 -0.007653 -0.001355 0.999626
1772811495.006262779 -0.001056 0.000330 0.003613 -0.026235 -0.007652 -0.001355 0.999626
1772811495.014950514 -0.001044 0.000352 0.003732 -0.026189 -0.007807 -0.001331 0.999626
1772811495.024967432 -0.001016 0.000399 0.003835 -0.026168 -0.007797 -0.001288 0.999626
1772811495.035035133 -0.000990 0.000452 0.003887 -0.026162 -0.007857 -0.001249 0.999626
1772811495.045005798 -0.000986 0.000504 0.003891 -0.026147 -0.007938 -0.001245 0.999626
1772811495.055175304 -0.001013 0.000559 0.003870 -0.026222 -0.007955 -0.001261 0.999624
1772811495.064981222 -0.001073 0.000606 0.003863 -0.026233 -0.008010 -0.001241 0.999623
1772811495.075182915 -0.001126 0.000656 0.003819 -0.026228 -0.007950 -0.001249 0.999624
1772811495.078959465 -0.001140 0.000673 0.003750 -0.026225 -0.007969 -0.001242 0.999624
1772811495.078959465 -0.001140 0.000673 0.003750 -0.026225 -0.007969 -0.001242 0.999624
1772811495.085307121 -0.001123 0.000705 0.003821 -0.026218 -0.007998 -0.001237 0.999623
1772811495.106385231 -0.001005 0.000684 0.004170 -0.026116 -0.007700 -0.001186 0.999629
1772811495.106436253 -0.001004 0.000684 0.004170 -0.026115 -0.007700 -0.001186 0.999629
1772811495.114936590 -0.000970 0.000636 0.004140 -0.026132 -0.007683 -0.001194 0.999628
1772811495.125011444 -0.000960 0.000584 0.004119 -0.026265 -0.007623 -0.001197 0.999625
1772811495.135005951 -0.000977 0.000551 0.004078 -0.026277 -0.007696 -0.001240 0.999624
1772811495.145142317 -0.000992 0.000535 0.004011 -0.026195 -0.007749 -0.001343 0.999626
1772811495.154950857 -0.000993 0.000510 0.003918 -0.026163 -0.007709 -0.001377 0.999627
1772811495.164954424 -0.000987 0.000464 0.003774 -0.026137 -0.007824 -0.001423 0.999627
1772811495.175081015 -0.000991 0.000424 0.003581 -0.026176 -0.007862 -0.001445 0.999625
1772811495.178798676 -0.000999 0.000417 0.003478 -0.026183 -0.007811 -0.001449 0.999626
1772811495.178798676 -0.000999 0.000417 0.003478 -0.026183 -0.007811 -0.001449 0.999626
1772811495.185047626 -0.000980 0.000423 0.003476 -0.026200 -0.007718 -0.001435 0.999626
1772811495.205603361 -0.000908 0.000492 0.003721 -0.026118 -0.007674 -0.001232 0.999629
1772811495.205722570 -0.000908 0.000493 0.003721 -0.026118 -0.007673 -0.001231 0.999629
1772811495.214926958 -0.000901 0.000512 0.003719 -0.026231 -0.007640 -0.001234 0.999626
1772811495.224999666 -0.000856 0.000526 0.003673 -0.026299 -0.007629 -0.001167 0.999624
1772811495.234941721 -0.000799 0.000531 0.003579 -0.026285 -0.007773 -0.001168 0.999624
1772811495.244993448 -0.000757 0.000531 0.003459 -0.026332 -0.007722 -0.001182 0.999623
1772811495.255086660 -0.000750 0.000525 0.003338 -0.026362 -0.007715 -0.001186 0.999622
1772811495.264969826 -0.000790 0.000520 0.003225 -0.026300 -0.007781 -0.001172 0.999623
1772811495.275001287 -0.000843 0.000523 0.003072 -0.026326 -0.007728 -0.001138 0.999623
1772811495.278749466 -0.000860 0.000521 0.002975 -0.026331 -0.007724 -0.001152 0.999623
1772811495.278749466 -0.000860 0.000521 0.002975 -0.026331 -0.007724 -0.001152 0.999623
1772811495.285128593 -0.000849 0.000514 0.002969 -0.026341 -0.007688 -0.001187 0.999623
1772811495.306486130 -0.000748 0.000459 0.003131 -0.026557 -0.007370 -0.001176 0.999619
1772811495.306578159 -0.000748 0.000459 0.003131 -0.026558 -0.007371 -0.001176 0.999619
1772811495.314978838 -0.000738 0.000432 0.003093 -0.026572 -0.007398 -0.001235 0.999619
1772811495.325001717 -0.000739 0.000395 0.003103 -0.026580 -0.007482 -0.001303 0.999618
1772811495.334954500 -0.000715 0.000359 0.003095 -0.026603 -0.007555 -0.001351 0.999617
1772811495.345020056 -0.000653 0.000321 0.003036 -0.026601 -0.007486 -0.001336 0.999617
1772811495.355050087 -0.000583 0.000274 0.002907 -0.026540 -0.007472 -0.001365 0.999619
1772811495.364980459 -0.000532 0.000230 0.002722 -0.026517 -0.007429 -0.001379 0.999620
1772811495.375055313 -0.000501 0.000194 0.002506 -0.026451 -0.007393 -0.001375 0.999622
1772811495.378797531 -0.000495 0.000179 0.002399 -0.026428 -0.007412 -0.001412 0.999622
1772811495.378797531 -0.000495 0.000179 0.002399 -0.026428 -0.007412 -0.001412 0.999622
1772811495.385215759 -0.000443 0.000161 0.002392 -0.026372 -0.007471 -0.001464 0.999623
1772811495.406217575 -0.000214 0.000088 0.002687 -0.026255 -0.007798 -0.001372 0.999624
1772811495.406331778 -0.000213 0.000087 0.002687 -0.026255 -0.007800 -0.001372 0.999624
1772811495.415007830 -0.000156 0.000031 0.002726 -0.026278 -0.007897 -0.001408 0.999622
1772811495.425004005 -0.000077 -0.000024 0.002733 -0.026191 -0.007944 -0.001386 0.999624
1772811495.435194731 -0.000016 -0.000061 0.002704 -0.026133 -0.008020 -0.001354 0.999625
1772811495.445019007 0.000002 -0.000083 0.002665 -0.026044 -0.008005 -0.001328 0.999628
1772811495.455060720 -0.000021 -0.000099 0.002622 -0.026041 -0.007983 -0.001336 0.999628
1772811495.465478182 -0.000084 -0.000103 0.002574 -0.026092 -0.007982 -0.001332 0.999627
1772811495.475115061 -0.000157 -0.000099 0.002503 -0.026117 -0.007872 -0.001317 0.999627
1772811495.479003906 -0.000190 -0.000098 0.002444 -0.026138 -0.007854 -0.001325 0.999627
1772811495.479003906 -0.000190 -0.000098 0.002444 -0.026138 -0.007854 -0.001325 0.999627
1772811495.485247374 -0.000185 -0.000082 0.002492 -0.026177 -0.007812 -0.001339 0.999626
1772811495.506005049 -0.000130 -0.000034 0.002869 -0.026308 -0.007785 -0.001263 0.999623
1772811495.506114244 -0.000130 -0.000034 0.002870 -0.026308 -0.007785 -0.001263 0.999623
1772811495.515013933 -0.000154 -0.000030 0.002947 -0.026329 -0.007750 -0.001292 0.999622
1772811495.525099993 -0.000173 -0.000024 0.003038 -0.026380 -0.007681 -0.001296 0.999622
1772811495.534940243 -0.000172 -0.000006 0.003056 -0.026378 -0.007739 -0.001258 0.999621
1772811495.544960022 -0.000153 0.000008 0.002994 -0.026321 -0.007702 -0.001281 0.999623
1772811495.555068970 -0.000160 0.000002 0.002916 -0.026254 -0.007643 -0.001249 0.999625
1772811495.565103292 -0.000200 -0.000010 0.002824 -0.026251 -0.007722 -0.001261 0.999625
1772811495.575141668 -0.000263 -0.000033 0.002726 -0.026318 -0.007759 -0.001263 0.999623
1772811495.578786373 -0.000299 -0.000047 0.002678 -0.026378 -0.007759 -0.001278 0.999621
1772811495.578786373 -0.000299 -0.000047 0.002678 -0.026378 -0.007759 -0.001278 0.999621
1772811495.585130453 -0.000324 -0.000069 0.002770 -0.026480 -0.007746 -0.001295 0.999618
1772811495.606276512 -0.000285 -0.000151 0.003241 -0.026534 -0.007560 -0.001256 0.999619
1772811495.606383801 -0.000285 -0.000151 0.003241 -0.026534 -0.007560 -0.001256 0.999619
1772811495.615046024 -0.000252 -0.000187 0.003260 -0.026454 -0.007538 -0.001240 0.999621
1772811495.625007629 -0.000207 -0.000207 0.003238 -0.026430 -0.007637 -0.001223 0.999621
1772811495.634943485 -0.000186 -0.000209 0.003178 -0.026389 -0.007565 -0.001176 0.999622
1772811495.644995451 -0.000205 -0.000191 0.003092 -0.026321 -0.007563 -0.001199 0.999624
1772811495.655024052 -0.000240 -0.000159 0.002993 -0.026247 -0.007567 -0.001208 0.999626
1772811495.665021420 -0.000267 -0.000129 0.002872 -0.026265 -0.007599 -0.001246 0.999625
1772811495.675019026 -0.000275 -0.000112 0.002705 -0.026273 -0.007593 -0.001331 0.999625
1772811495.678784609 -0.000274 -0.000110 0.002609 -0.026287 -0.007603 -0.001340 0.999625
1772811495.678784609 -0.000274 -0.000110 0.002609 -0.026287 -0.007603 -0.001340 0.999625
1772811495.685091257 -0.000240 -0.000104 0.002622 -0.026312 -0.007621 -0.001348 0.999624
1772811495.705902815 -0.000168 -0.000108 0.002957 -0.026353 -0.007617 -0.001301 0.999623
1772811495.705989122 -0.000168 -0.000108 0.002957 -0.026353 -0.007616 -0.001301 0.999623
1772811495.715060711 -0.000185 -0.000115 0.002993 -0.026323 -0.007664 -0.001281 0.999623
1772811495.724980831 -0.000207 -0.000109 0.002989 -0.026324 -0.007711 -0.001218 0.999623
1772811495.734958172 -0.000237 -0.000096 0.002922 -0.026237 -0.007668 -0.001144 0.999626
1772811495.745023251 -0.000279 -0.000090 0.002801 -0.026339 -0.007663 -0.001194 0.999623
1772811495.755050898 -0.000348 -0.000097 0.002674 -0.026433 -0.007643 -0.001213 0.999621
1772811495.765056610 -0.000447 -0.000103 0.002573 -0.026417 -0.007734 -0.001246 0.999620
1772811495.775160074 -0.000552 -0.000098 0.002471 -0.026417 -0.007828 -0.001239 0.999620
1772811495.778766155 -0.000587 -0.000096 0.002408 -0.026409 -0.007803 -0.001221 0.999620
1772811495.778766155 -0.000587 -0.000096 0.002408 -0.026409 -0.007803 -0.001221 0.999620
1772811495.785244465 -0.000607 -0.000095 0.002474 -0.026392 -0.007744 -0.001196 0.999621
1772811495.805471182 -0.000489 -0.000190 0.002836 -0.026434 -0.007676 -0.001123 0.999620
1772811495.805564404 -0.000488 -0.000190 0.002837 -0.026435 -0.007675 -0.001123 0.999620
1772811495.814994812 -0.000412 -0.000253 0.002847 -0.026470 -0.007666 -0.001190 0.999620
1772811495.824992657 -0.000345 -0.000307 0.002830 -0.026538 -0.007633 -0.001227 0.999618
1772811495.834987879 -0.000306 -0.000344 0.002794 -0.026481 -0.007642 -0.001227 0.999619
1772811495.845108271 -0.000282 -0.000349 0.002729 -0.026425 -0.007614 -0.001230 0.999621
1772811495.855029106 -0.000242 -0.000355 0.002630 -0.026403 -0.007713 -0.001286 0.999621
1772811495.865116358 -0.000207 -0.000379 0.002490 -0.026355 -0.007764 -0.001328 0.999622
1772811495.875137091 -0.000185 -0.000396 0.002299 -0.026346 -0.007688 -0.001355 0.999622
1772811495.878872871 -0.000181 -0.000397 0.002197 -0.026332 -0.007698 -0.001359 0.999623
1772811495.878872871 -0.000181 -0.000397 0.002197 -0.026332 -0.007698 -0.001359 0.999623
1772811495.885162115 -0.000147 -0.000413 0.002219 -0.026304 -0.007715 -0.001363 0.999623
1772811495.905905485 -0.000111 -0.000470 0.002644 -0.026061 -0.007582 -0.001222 0.999631
1772811495.906010628 -0.000112 -0.000470 0.002645 -0.026060 -0.007581 -0.001221 0.999631
1772811495.915066004 -0.000152 -0.000476 0.002710 -0.026070 -0.007603 -0.001211 0.999630
1772811495.925062180 -0.000161 -0.000483 0.002749 -0.026140 -0.007585 -0.001242 0.999629
1772811495.934993505 -0.000156 -0.000493 0.002742 -0.026203 -0.007585 -0.001237 0.999627
1772811495.945009232 -0.000167 -0.000501 0.002722 -0.026167 -0.007651 -0.001261 0.999628
1772811495.955172777 -0.000212 -0.000501 0.002717 -0.026298 -0.007590 -0.001289 0.999625
1772811495.965045929 -0.000292 -0.000491 0.002698 -0.026199 -0.007638 -0.001276 0.999627
1772811495.975092173 -0.000380 -0.000473 0.002639 -0.026177 -0.007661 -0.001252 0.999627
1772811495.978760719 -0.000409 -0.000463 0.002579 -0.026215 -0.007642 -0.001245 0.999626
1772811495.978760719 -0.000409 -0.000463 0.002579 -0.026215 -0.007642 -0.001245 0.999626
1772811495.985103130 -0.000399 -0.000448 0.002644 -0.026288 -0.007617 -0.001231 0.999625
1772811496.005965948 -0.000258 -0.000387 0.002986 -0.026336 -0.007749 -0.001091 0.999623
1772811496.006048441 -0.000258 -0.000387 0.002986 -0.026336 -0.007749 -0.001091 0.999623
1772811496.015064478 -0.000230 -0.000373 0.002978 -0.026286 -0.007796 -0.001076 0.999623
1772811496.025034904 -0.000211 -0.000364 0.003003 -0.026315 -0.007849 -0.001132 0.999622
1772811496.035024166 -0.000202 -0.000362 0.003035 -0.026338 -0.008050 -0.001198 0.999620
1772811496.045043945 -0.000184 -0.000360 0.003028 -0.026430 -0.008009 -0.001249 0.999618
1772811496.055368662 -0.000152 -0.000363 0.002968 -0.026430 -0.007940 -0.001321 0.999618
1772811496.065073967 -0.000144 -0.000363 0.002863 -0.026479 -0.007864 -0.001330 0.999618
1772811496.075213909 -0.000163 -0.000347 0.002727 -0.026383 -0.007829 -0.001273 0.999620
1772811496.078815937 -0.000177 -0.000342 0.002649 -0.026364 -0.007816 -0.001271 0.999621
1772811496.078815937 -0.000177 -0.000342 0.002649 -0.026364 -0.007816 -0.001271 0.999621
1772811496.085139513 -0.000169 -0.000329 0.002703 -0.026320 -0.007781 -0.001261 0.999623
1772811496.106576204 -0.000181 -0.000325 0.003220 -0.026334 -0.007661 -0.001179 0.999623
1772811496.106700182 -0.000182 -0.000325 0.003221 -0.026335 -0.007661 -0.001180 0.999623
1772811496.115037441 -0.000207 -0.000325 0.003311 -0.026315 -0.007799 -0.001200 0.999623
1772811496.125046968 -0.000213 -0.000322 0.003401 -0.026312 -0.007689 -0.001232 0.999623
1772811496.135011196 -0.000215 -0.000315 0.003460 -0.026338 -0.007671 -0.001209 0.999623
1772811496.145056963 -0.000245 -0.000311 0.003499 -0.026179 -0.007656 -0.001197 0.999627
1772811496.155304193 -0.000326 -0.000313 0.003530 -0.026132 -0.007630 -0.001202 0.999629
1772811496.165068150 -0.000441 -0.000305 0.003530 -0.026111 -0.007569 -0.001186 0.999630
1772811496.175129414 -0.000564 -0.000280 0.003483 -0.026088 -0.007493 -0.001115 0.999631
1772811496.178726196 -0.000607 -0.000265 0.003430 -0.026081 -0.007505 -0.001123 0.999631
1772811496.178726196 -0.000607 -0.000265 0.003430 -0.026081 -0.007505 -0.001123 0.999631
1772811496.185109615 -0.000693 -0.000271 0.003462 -0.026075 -0.007535 -0.001137 0.999631
1772811496.206106663 -0.001018 -0.000364 0.003584 -0.026204 -0.007550 -0.001145 0.999627
1772811496.206221819 -0.001020 -0.000364 0.003584 -0.026205 -0.007552 -0.001144 0.999627
1772811496.215041161 -0.001143 -0.000387 0.003548 -0.026282 -0.007669 -0.001194 0.999624
1772811496.225071669 -0.001273 -0.000403 0.003521 -0.026370 -0.007774 -0.001210 0.999621
1772811496.235013008 -0.001374 -0.000393 0.003442 -0.026400 -0.007758 -0.001223 0.999621
1772811496.245103121 -0.001435 -0.000373 0.003266 -0.026379 -0.007760 -0.001207 0.999621
1772811496.255287647 -0.001488 -0.000364 0.003016 -0.026326 -0.007732 -0.001214 0.999623
1772811496.265158176 -0.001559 -0.000371 0.002732 -0.026350 -0.007766 -0.001215 0.999622
1772811496.275125265 -0.001643 -0.000388 0.002426 -0.026360 -0.007814 -0.001222 0.999621
1772811496.278857470 -0.001675 -0.000392 0.002299 -0.026377 -0.007814 -0.001246 0.999621
