1772809794.665170431 -0.000809 -0.000188 -0.000078 -0.023823 -0.001110 -0.001303 0.999715
1772809794.765021563 -0.000790 0.000023 0.001564 -0.024430 -0.001416 -0.001271 0.999700
1772809794.864853859 -0.000935 -0.000171 0.001329 -0.023583 -0.000728 -0.001367 0.999721
1772809794.964855194 -0.001395 0.000155 0.001811 -0.023937 -0.001042 -0.001264 0.999712
1772809795.064760685 -0.001276 -0.000017 0.001969 -0.023691 -0.001130 -0.001322 0.999718
1772809795.164844990 -0.001190 0.000357 0.001781 -0.023836 -0.000892 -0.001258 0.999715
1772809795.264881611 -0.001361 -0.000044 0.001864 -0.023732 -0.001282 -0.001228 0.999717
1772809795.364764690 -0.001424 0.000267 0.001453 -0.024049 -0.001064 -0.001182 0.999710
1772809795.464886189 -0.001626 0.000339 0.001731 -0.023783 -0.001383 -0.001215 0.999715
1772809795.565092802 -0.002279 0.000132 0.002487 -0.023804 -0.000695 -0.001333 0.999716
1772809795.665277481 -0.002504 0.000392 0.002742 -0.023826 -0.001212 -0.001214 0.999715
1772809795.765269518 -0.002440 0.000333 0.002501 -0.023767 -0.000732 -0.001368 0.999716
1772809795.865451813 -0.002635 0.000842 0.002232 -0.023805 -0.000723 -0.001287 0.999716
1772809795.965407610 -0.002334 0.000729 0.001983 -0.023754 -0.000715 -0.001216 0.999717
1772809796.065528631 -0.002139 0.000678 0.001031 -0.023856 -0.000954 -0.001257 0.999714
1772809796.165693521 -0.001751 0.000435 0.001424 -0.024044 -0.001102 -0.001315 0.999709
1772809796.265527248 -0.001943 0.000199 0.001803 -0.023733 -0.001144 -0.001276 0.999717
1772809796.365564585 -0.001468 0.000129 0.001933 -0.023985 -0.000997 -0.001205 0.999711
1772809796.465460062 -0.001037 -0.000214 0.002024 -0.023623 -0.000827 -0.001383 0.999720
1772809796.565342188 -0.001448 0.000298 0.002393 -0.023980 -0.000977 -0.001160 0.999711
1772809796.665383577 -0.001374 0.000325 0.002036 -0.023556 -0.000980 -0.001277 0.999721
1772809796.765329838 -0.001856 0.000371 0.001733 -0.023716 -0.001116 -0.001242 0.999717
1772809796.865436554 -0.001682 0.000359 0.002002 -0.023837 -0.001234 -0.001204 0.999714
1772809796.965347052 -0.001647 0.000154 0.001850 -0.023939 -0.000939 -0.001369 0.999712
1772809797.065388918 -0.001422 0.000314 0.001777 -0.023984 -0.001243 -0.001353 0.999711
1772809797.165369987 -0.001579 -0.000047 0.001886 -0.023902 -0.000932 -0.001409 0.999713
1772809797.265341520 -0.001615 0.000335 0.002038 -0.024011 -0.001122 -0.001258 0.999710
1772809797.365349054 -0.001137 0.000119 0.002043 -0.023593 -0.001050 -0.001351 0.999720
1772809797.465286255 -0.001184 0.000353 0.001819 -0.023961 -0.000831 -0.001169 0.999712
1772809797.565193176 -0.000983 -0.000052 0.001899 -0.023797 -0.000932 -0.001132 0.999716
1772809797.665165901 -0.001536 0.000115 0.002046 -0.023813 -0.001011 -0.001242 0.999715
1772809797.765156746 -0.001508 0.000100 0.002177 -0.023855 -0.001324 -0.001156 0.999714
1772809797.865144491 -0.001468 0.000163 0.001694 -0.023930 -0.000849 -0.001454 0.999712
1772809797.965131998 -0.001315 0.000329 0.001591 -0.023759 -0.001135 -0.001150 0.999716
1772809798.065093517 -0.001026 -0.000201 0.001637 -0.023743 -0.001112 -0.001437 0.999716
1772809798.165081263 -0.001026 -0.000182 0.001829 -0.023686 -0.001165 -0.001341 0.999718
1772809798.265070438 -0.000727 -0.000414 0.002027 -0.023710 -0.001098 -0.001387 0.999717
1772809798.365252495 -0.001533 0.000083 0.002234 -0.023683 -0.001267 -0.001224 0.999718
1772809798.465100288 -0.001581 0.000521 0.002120 -0.024082 -0.001112 -0.001262 0.999709
1772809798.565116405 -0.001786 0.000578 0.001802 -0.024076 -0.001055 -0.001292 0.999709
1772809798.665201426 -0.001935 0.000653 0.001524 -0.024023 -0.000794 -0.001394 0.999710
1772809798.765307426 -0.001976 0.000445 0.001811 -0.023838 -0.001049 -0.001241 0.999715
1772809798.865248203 -0.001788 0.000336 0.002426 -0.024115 -0.001093 -0.001403 0.999708
1772809798.965307474 -0.001126 -0.000099 0.002273 -0.023828 -0.000827 -0.001380 0.999715
1772809799.065280199 -0.001273 0.000293 0.001927 -0.023625 -0.001280 -0.001121 0.999719
1772809799.165495396 -0.001453 0.000290 0.001923 -0.023879 -0.001295 -0.001167 0.999713
1772809799.265544653 -0.001641 0.000230 0.001620 -0.023673 -0.000922 -0.001292 0.999718
1772809799.365548372 -0.001623 0.000352 0.001688 -0.023883 -0.001367 -0.001244 0.999713
1772809799.465736389 -0.001615 -0.000023 0.001689 -0.023832 -0.001238 -0.001338 0.999714
1772809799.565682411 -0.001517 -0.000129 0.001702 -0.023761 -0.000741 -0.001459 0.999716
1772809799.665658474 -0.001100 -0.000415 0.001504 -0.023646 -0.000958 -0.001389 0.999719
1772809799.765775919 -0.001360 -0.000504 0.001500 -0.023838 -0.000828 -0.001053 0.999715
1772809799.865875006 -0.001323 -0.000580 0.001496 -0.023812 -0.001246 -0.001017 0.999715
1772809799.965778351 -0.001209 -0.000367 0.000942 -0.023915 -0.000926 -0.000989 0.999713
1772809800.065995216 -0.001194 -0.000424 0.001122 -0.023711 -0.001092 -0.001454 0.999717
1772809800.165769815 -0.001006 -0.000387 0.001168 -0.023615 -0.001118 -0.001246 0.999720
1772809800.265782595 -0.001001 -0.000345 0.001341 -0.023834 -0.001200 -0.001266 0.999714
1772809800.365782976 -0.001017 -0.000272 0.001620 -0.023647 -0.001145 -0.001340 0.999719
1772809800.465772629 -0.001288 -0.000052 0.001502 -0.023709 -0.000944 -0.001060 0.999718
1772809800.565813065 -0.001646 -0.000309 0.001817 -0.023687 -0.000877 -0.001238 0.999718
1772809800.665808916 -0.001791 -0.000183 0.001954 -0.023912 -0.001032 -0.001125 0.999713
1772809800.765738964 -0.001457 -0.000615 0.002048 -0.023925 -0.001173 -0.001422 0.999712
1772809800.865743876 -0.001078 -0.000568 0.001799 -0.024138 -0.000896 -0.001231 0.999707
1772809800.965817690 -0.000914 -0.000541 0.002179 -0.023873 -0.001172 -0.001345 0.999713
1772809801.065716743 -0.001145 0.000005 0.002172 -0.023870 -0.000747 -0.001191 0.999714
1772809801.165918589 -0.001551 0.000258 0.002114 -0.023604 -0.001002 -0.001041 0.999720
1772809801.266074181 -0.001780 0.000324 0.002113 -0.023527 -0.000957 -0.001404 0.999722
1772809801.366315126 -0.002129 0.000481 0.002056 -0.024062 -0.000729 -0.001134 0.999710
1772809801.466402531 -0.002056 0.000082 0.002289 -0.023891 -0.000984 -0.001239 0.999713
1772809801.566644192 -0.002407 0.000052 0.002656 -0.023939 -0.001167 -0.001270 0.999712
1772809801.666592836 -0.001916 -0.000203 0.002133 -0.023775 -0.000898 -0.001332 0.999716
1772809801.766564131 -0.002122 -0.000317 0.002273 -0.023895 -0.000937 -0.001382 0.999713
1772809801.866540909 -0.001822 -0.000111 0.001998 -0.023930 -0.001028 -0.001243 0.999712
1772809801.966344833 -0.001758 -0.000098 0.002196 -0.023741 -0.001068 -0.001279 0.999717
1772809802.066216946 -0.001795 0.000438 0.001983 -0.024110 -0.000893 -0.001278 0.999708
1772809802.165988684 -0.001624 0.000478 0.001904 -0.023762 -0.001048 -0.001437 0.999716
1772809802.265887499 -0.001810 0.000792 0.002063 -0.024006 -0.000817 -0.001229 0.999711
1772809802.365897894 -0.001467 0.000599 0.001838 -0.024188 -0.000776 -0.001250 0.999706
1772809802.465791702 -0.001572 0.000554 0.001615 -0.023436 -0.001244 -0.001174 0.999724
1772809802.565790176 -0.001412 0.000158 0.001588 -0.023764 -0.001234 -0.001239 0.999716
1772809802.665885687 -0.001292 0.000103 0.001859 -0.023725 -0.000736 -0.001243 0.999717
1772809802.765788317 -0.001535 0.000301 0.001794 -0.023850 -0.000899 -0.001108 0.999715
1772809802.865979910 -0.001683 0.000211 0.001731 -0.023448 -0.000895 -0.001212 0.999724
1772809802.965991259 -0.001772 0.000748 0.001339 -0.023818 -0.001341 -0.001224 0.999715
1772809803.066007853 -0.002122 0.000652 0.001426 -0.023816 -0.001130 -0.001407 0.999715
1772809803.165901661 -0.002127 0.000692 0.001253 -0.023791 -0.001039 -0.001408 0.999715
1772809803.265835524 -0.001605 0.000462 0.001790 -0.023935 -0.000796 -0.001372 0.999712
1772809803.365875721 -0.001496 0.000368 0.002337 -0.023934 -0.000938 -0.001380 0.999712
1772809803.465866566 -0.001522 0.000382 0.002557 -0.023500 -0.001018 -0.001107 0.999723
1772809803.565808058 -0.001148 0.000272 0.002654 -0.023701 -0.000706 -0.001396 0.999718
1772809803.665857792 -0.000976 0.000430 0.001922 -0.023878 -0.000986 -0.001145 0.999714
1772809803.765935183 -0.000949 -0.000138 0.001856 -0.023706 -0.000841 -0.001234 0.999718
1772809803.865890741 -0.001164 -0.000248 0.002088 -0.023847 -0.000940 -0.001197 0.999714
1772809803.965781212 -0.001015 -0.000440 0.002256 -0.023911 -0.001185 -0.001223 0.999713
1772809804.065653801 -0.001297 -0.000204 0.002268 -0.023875 -0.000960 -0.001427 0.999713
1772809804.165681362 -0.001210 0.000002 0.002154 -0.023750 -0.000805 -0.001165 0.999717
1772809804.265640974 -0.000825 -0.000188 0.002139 -0.023942 -0.000815 -0.001205 0.999712
1772809804.365676641 -0.000807 -0.000190 0.002071 -0.023866 -0.001247 -0.001262 0.999714
1772809804.465778828 -0.000801 -0.000402 0.002259 -0.023901 -0.000850 -0.001335 0.999713
1772809804.565813065 -0.001029 -0.000436 0.001973 -0.024010 -0.001157 -0.001248 0.999710
1772809804.665876627 -0.000691 -0.000731 0.001714 -0.023939 -0.000793 -0.001397 0.999712
1772809804.765981436 -0.000259 -0.000652 0.001566 -0.023887 -0.000929 -0.001228 0.999713
1772809804.865895987 -0.000092 -0.000723 0.001506 -0.023897 -0.001297 -0.001403 0.999713
1772809804.965937614 -0.000069 -0.000721 0.001550 -0.023641 -0.001103 -0.001165 0.999719
1772809805.065934181 -0.000594 -0.000554 0.001874 -0.023891 -0.000897 -0.001219 0.999713
1772809805.165980816 -0.000868 -0.000398 0.002249 -0.023751 -0.001201 -0.001586 0.999716
1772809805.265967607 -0.001389 0.000066 0.002656 -0.024028 -0.001137 -0.001500 0.999710
1772809805.365977287 -0.001271 -0.000044 0.002065 -0.023666 -0.000996 -0.001467 0.999718
1772809805.465827227 -0.001117 0.000487 0.002157 -0.023801 -0.000918 -0.001196 0.999716
1772809805.565810680 -0.001084 0.000419 0.001906 -0.023727 -0.000926 -0.001140 0.999717
1772809805.665917158 -0.001428 0.000343 0.001724 -0.023877 -0.000617 -0.001345 0.999714
1772809805.765891790 -0.001467 0.000417 0.001728 -0.024065 -0.000993 -0.001111 0.999709
1772809805.865894318 -0.001236 0.000108 0.001577 -0.023750 -0.001053 -0.001414 0.999716
1772809805.965923071 -0.001246 0.000298 0.002043 -0.023996 -0.001122 -0.001212 0.999711
1772809806.066149235 -0.000866 0.000275 0.001886 -0.023893 -0.000945 -0.001350 0.999713
1772809806.165912390 -0.000664 0.000450 0.001856 -0.023991 -0.000885 -0.001303 0.999711
1772809806.265929699 -0.000285 0.000443 0.001567 -0.023993 -0.001179 -0.001448 0.999710
1772809806.365687609 -0.001158 0.000416 0.001387 -0.023751 -0.001032 -0.001172 0.999717
1772809806.465680122 -0.001991 0.000748 0.001168 -0.023686 -0.000944 -0.001240 0.999718
1772809806.565502644 -0.001970 0.000690 0.001085 -0.023834 -0.000773 -0.001239 0.999715
1772809806.665421247 -0.001807 0.000480 0.001025 -0.023872 -0.001425 -0.001236 0.999713
1772809806.765466928 -0.001585 0.000222 0.001020 -0.023638 -0.001132 -0.001293 0.999719
1772809806.865561962 -0.001470 0.000485 0.001187 -0.023948 -0.001026 -0.001173 0.999712
1772809806.965589285 -0.001054 0.000074 0.001188 -0.023918 -0.001262 -0.001286 0.999712
1772809807.065631628 -0.000971 0.000077 0.001315 -0.023854 -0.000825 -0.001188 0.999714
1772809807.165735483 -0.000986 0.000215 0.001270 -0.023677 -0.000994 -0.001182 0.999718
1772809807.265878916 -0.001170 0.000148 0.001424 -0.023835 -0.000945 -0.001182 0.999715
1772809807.365726233 -0.001341 -0.000002 0.001344 -0.023790 -0.000956 -0.001340 0.999716
1772809807.465788126 -0.001657 -0.000096 0.001652 -0.023799 -0.000783 -0.001210 0.999716
1772809807.565706491 -0.001702 -0.000149 0.001717 -0.023916 -0.001086 -0.001193 0.999713
1772809807.665737629 -0.001125 -0.000146 0.001584 -0.023827 -0.000943 -0.001199 0.999715
1772809807.765715837 -0.001044 -0.000027 0.001512 -0.023772 -0.001276 -0.001155 0.999716
1772809807.865720272 -0.001263 -0.000216 0.001265 -0.023537 -0.001218 -0.001169 0.999722
1772809807.965944052 -0.001284 -0.000034 0.001355 -0.023973 -0.000771 -0.001114 0.999712
1772809808.065925360 -0.001598 -0.000061 0.001679 -0.023756 -0.001050 -0.001317 0.999716
1772809808.166282892 -0.001876 0.000012 0.001745 -0.023846 -0.001266 -0.001117 0.999714
1772809808.266201496 -0.001681 0.000014 0.001870 -0.023886 -0.000911 -0.001220 0.999714
1772809808.366513014 -0.001495 -0.000122 0.002001 -0.023971 -0.001455 -0.001274 0.999711
1772809808.466521502 -0.001512 0.000292 0.002375 -0.023806 -0.001110 -0.001274 0.999715
1772809808.566501379 -0.001552 0.000171 0.002131 -0.023619 -0.000858 -0.001339 0.999720
1772809808.666377544 -0.001942 0.000348 0.001966 -0.023828 -0.000746 -0.001225 0.999715
1772809808.766337872 -0.001863 0.000430 0.001887 -0.023716 -0.001432 -0.001316 0.999717
1772809808.866263866 -0.001566 0.000509 0.001395 -0.023755 -0.001197 -0.001173 0.999716
1772809808.966256142 -0.001674 0.000446 0.001263 -0.024147 -0.001199 -0.001394 0.999707
1772809809.066235304 -0.001663 0.000519 0.001226 -0.023877 -0.000901 -0.001354 0.999714
1772809809.166107893 -0.001867 0.000427 0.001622 -0.023971 -0.000881 -0.001448 0.999711
1772809809.266179323 -0.001521 0.000279 0.001750 -0.023746 -0.000847 -0.001437 0.999717
1772809809.366075039 -0.001709 0.000289 0.001866 -0.023972 -0.001066 -0.001241 0.999711
1772809809.466052771 -0.001459 0.000114 0.001717 -0.023746 -0.001005 -0.001225 0.999717
1772809809.566125631 -0.001797 0.000227 0.001397 -0.023911 -0.001242 -0.001202 0.999713
1772809809.666121006 -0.001856 0.000071 0.001380 -0.023798 -0.000815 -0.001273 0.999716
1772809809.766143799 -0.002159 -0.000047 0.001974 -0.023818 -0.000932 -0.001317 0.999715
1772809809.866096497 -0.001957 0.000465 0.002140 -0.023876 -0.001133 -0.001196 0.999714
1772809809.966148615 -0.001565 0.000128 0.001905 -0.024021 -0.000642 -0.001419 0.999710
1772809810.066225529 -0.001450 -0.000038 0.001111 -0.023818 -0.000916 -0.001260 0.999715
1772809810.166254997 -0.001638 -0.000152 0.001431 -0.023740 -0.000885 -0.001346 0.999717
1772809810.266120911 -0.002185 -0.000106 0.001487 -0.024017 -0.001277 -0.001246 0.999710
1772809810.366104126 -0.002282 -0.000205 0.001695 -0.023903 -0.000920 -0.001297 0.999713
1772809810.466082335 -0.001822 -0.000182 0.002005 -0.023834 -0.001093 -0.001321 0.999714
1772809810.565831184 -0.001291 -0.000168 0.002454 -0.023718 -0.001335 -0.001288 0.999717
1772809810.665673494 -0.000623 -0.000449 0.002389 -0.023886 -0.000699 -0.001332 0.999714
1772809810.765655994 -0.000526 -0.000334 0.002410 -0.023884 -0.000957 -0.001163 0.999714
1772809810.865516424 -0.000480 -0.000638 0.002415 -0.023768 -0.000945 -0.001157 0.999716
1772809810.965593815 -0.001080 -0.000520 0.002033 -0.023683 -0.001112 -0.001047 0.999718
1772809811.065497160 -0.001059 -0.000856 0.001584 -0.023633 -0.000926 -0.001124 0.999720
1772809811.165674448 -0.001188 -0.000660 0.001353 -0.024073 -0.000911 -0.001208 0.999709
1772809811.266013145 -0.001035 -0.000369 0.001863 -0.023742 -0.000908 -0.001287 0.999717
1772809811.366261721 -0.000798 -0.000651 0.002211 -0.023941 -0.000729 -0.001321 0.999712
1772809811.466601610 -0.000741 -0.000505 0.002335 -0.024093 -0.001269 -0.001429 0.999708
1772809811.566653728 -0.000413 -0.000553 0.002113 -0.023662 -0.001130 -0.001410 0.999718
1772809811.666671753 -0.000974 -0.000434 0.002002 -0.023826 -0.001272 -0.001218 0.999715
1772809811.766765594 -0.001135 -0.000140 0.002238 -0.023773 -0.001058 -0.001315 0.999716
1772809811.866620064 -0.001758 -0.000280 0.001962 -0.023995 -0.001271 -0.001356 0.999710
1772809811.966421366 -0.001751 0.000010 0.002031 -0.024036 -0.000892 -0.001420 0.999710
1772809812.066167593 -0.001506 0.000096 0.002043 -0.024022 -0.001098 -0.001252 0.999710
1772809812.165863991 -0.000939 -0.000196 0.001656 -0.023558 -0.001202 -0.001300 0.999721
1772809812.265835047 0.000303 -0.000925 0.001555 -0.023789 -0.000769 -0.001349 0.999716
1772809812.365580320 0.001257 -0.001378 0.001119 -0.023712 -0.001551 -0.001095 0.999717
1772809812.465554953 0.001974 -0.002073 0.001232 -0.024029 -0.001140 -0.001206 0.999710
1772809812.565510035 0.001898 -0.001951 0.001095 -0.023424 -0.001521 -0.001262 0.999724
1772809812.665604115 0.002232 -0.001957 0.001514 -0.023959 -0.001161 -0.000996 0.999712
1772809812.765630245 0.002380 -0.001975 0.002383 -0.023707 -0.001521 -0.001226 0.999717
1772809812.865588903 0.002615 -0.001927 0.002363 -0.023896 -0.000683 -0.001017 0.999714
1772809812.965743303 0.002449 -0.001994 0.002562 -0.023725 -0.001265 -0.001105 0.999717
1772809813.065858364 0.002090 -0.001494 0.002308 -0.023930 -0.001000 -0.000946 0.999713
1772809813.165982008 0.001776 -0.001646 0.002047 -0.024069 -0.001082 -0.001354 0.999709
1772809813.266024828 0.001151 -0.001474 0.001783 -0.024099 -0.000835 -0.001061 0.999709
1772809813.366212845 0.000968 -0.001525 0.001697 -0.023969 -0.001219 -0.001200 0.999711
1772809813.466230154 0.000888 -0.001399 0.002140 -0.024113 -0.001042 -0.001307 0.999708
1772809813.566093206 0.000834 -0.001539 0.002361 -0.023946 -0.001264 -0.001386 0.999711
1772809813.666193247 0.000919 -0.001512 0.002643 -0.023930 -0.001241 -0.001221 0.999712
1772809813.766322613 0.000582 -0.001379 0.002265 -0.023839 -0.001278 -0.001163 0.999714
1772809813.866394758 0.000930 -0.001501 0.001751 -0.024015 -0.001044 -0.001215 0.999710
1772809813.966266632 0.001104 -0.001246 0.001391 -0.023972 -0.000969 -0.001161 0.999711
1772809814.066402197 0.001541 -0.001349 0.001415 -0.023884 -0.000948 -0.001381 0.999713
1772809814.166574478 0.001471 -0.001917 0.001137 -0.023959 -0.000810 -0.001347 0.999712
1772809814.266724586 0.001592 -0.001948 0.001058 -0.024068 -0.001178 -0.001350 0.999709
1772809814.366879940 0.001532 -0.001957 0.001572 -0.023813 -0.001318 -0.001250 0.999715
1772809814.467097044 0.001649 -0.001566 0.001644 -0.023772 -0.001198 -0.001424 0.999716
1772809814.567191839 0.001967 -0.001612 0.001479 -0.023770 -0.000597 -0.001462 0.999716
1772809814.666947126 0.001601 -0.001768 0.001180 -0.023802 -0.001233 -0.001247 0.999715
1772809814.766805410 0.001389 -0.001566 0.001338 -0.023762 -0.001014 -0.001246 0.999716
1772809814.866712570 0.000768 -0.001172 0.001249 -0.024047 -0.000950 -0.001278 0.999710
1772809814.966563463 0.000492 -0.000935 0.001377 -0.023843 -0.000877 -0.001172 0.999715
1772809815.066592932 0.000137 -0.000859 0.001756 -0.023944 -0.001026 -0.001126 0.999712
1772809815.166791916 -0.000015 -0.000901 0.001536 -0.023910 -0.000919 -0.001232 0.999713
1772809815.266963720 0.000066 -0.000843 0.001206 -0.023658 -0.001030 -0.001314 0.999719
1772809815.367155552 -0.000349 -0.000883 0.000652 -0.023770 -0.001142 -0.001271 0.999716
1772809815.467134714 -0.000346 -0.000738 0.001559 -0.024209 -0.001272 -0.001395 0.999705
1772809815.567061424 -0.000565 -0.000459 0.002214 -0.023966 -0.001074 -0.001214 0.999711
1772809815.667053699 0.000060 -0.000805 0.001868 -0.023857 -0.000706 -0.001411 0.999714
1772809815.766835928 0.000451 -0.000844 0.001697 -0.023794 -0.001281 -0.001410 0.999715
1772809815.866450310 0.000627 -0.000954 0.001818 -0.023928 -0.001044 -0.001354 0.999712
1772809815.966128349 0.000811 -0.000733 0.001730 -0.023892 -0.000461 -0.001265 0.999714
1772809816.065787792 0.001079 -0.000868 0.001396 -0.023981 -0.001121 -0.001195 0.999711
1772809816.165699959 0.001484 -0.001564 0.001180 -0.023676 -0.001318 -0.001016 0.999718
1772809816.265548706 0.001278 -0.001605 0.001600 -0.023752 -0.001567 -0.001187 0.999716
1772809816.365526199 0.001418 -0.002220 0.001820 -0.023730 -0.001104 -0.001229 0.999717
1772809816.465601921 0.001614 -0.002130 0.001709 -0.023978 -0.000730 -0.001167 0.999712
1772809816.565721512 0.002488 -0.002436 0.001299 -0.023671 -0.000997 -0.001286 0.999718
1772809816.665840626 0.002414 -0.002186 0.001827 -0.023586 -0.001186 -0.001102 0.999720
1772809816.765936852 0.002533 -0.002044 0.001652 -0.024056 -0.001253 -0.001036 0.999709
1772809816.865950584 0.002419 -0.002019 0.001120 -0.023861 -0.000643 -0.001339 0.999714
1772809816.966156721 0.001865 -0.001511 0.000662 -0.024134 -0.001271 -0.001018 0.999707
1772809817.066198587 0.001894 -0.001637 0.000467 -0.023958 -0.000855 -0.001356 0.999712
1772809817.166147232 0.001751 -0.001514 0.000985 -0.023943 -0.001383 -0.001419 0.999711
1772809817.266034365 0.001882 -0.001664 0.001916 -0.024042 -0.000937 -0.001345 0.999710
1772809817.366266251 0.001535 -0.001107 0.002376 -0.023778 -0.000987 -0.001298 0.999716
1772809817.466142178 0.001611 -0.001338 0.001991 -0.023951 -0.000987 -0.001193 0.999712
1772809817.566197634 0.001499 -0.001365 0.001273 -0.023871 -0.001304 -0.001322 0.999713
1772809817.666157007 0.001138 -0.000974 0.000550 -0.023707 -0.001191 -0.001313 0.999717
1772809817.766081810 0.001355 -0.000934 0.000322 -0.023718 -0.001024 -0.001314 0.999717
1772809817.865931273 0.001130 -0.000810 0.001203 -0.024122 -0.001139 -0.001273 0.999708
1772809817.965896368 0.001785 -0.001580 0.001457 -0.024015 -0.001152 -0.001459 0.999710
1772809818.065775394 0.001606 -0.001771 0.001730 -0.023951 -0.001488 -0.001219 0.999711
1772809818.165825605 0.002218 -0.002258 0.001534 -0.023805 -0.001144 -0.001273 0.999715
1772809818.265802622 0.002132 -0.002524 0.001456 -0.024031 -0.000868 -0.001103 0.999710
1772809818.365928173 0.001498 -0.002307 0.001571 -0.023842 -0.001497 -0.001139 0.999714
1772809818.465851545 0.001182 -0.002117 0.001648 -0.024030 -0.001077 -0.001352 0.999710
1772809818.565859318 0.000799 -0.001817 0.001973 -0.024169 -0.000768 -0.001235 0.999707
1772809818.666031361 0.001433 -0.001910 0.001218 -0.024093 -0.000996 -0.001333 0.999708
1772809818.766216040 0.001545 -0.001435 0.001212 -0.023961 -0.001138 -0.001341 0.999711
1772809818.866378307 0.001954 -0.001905 0.000750 -0.023699 -0.001130 -0.001290 0.999718
1772809818.966377497 0.002059 -0.001760 0.000273 -0.023950 -0.001029 -0.001241 0.999712
1772809819.066359758 0.001811 -0.001548 0.000646 -0.023948 -0.001269 -0.001372 0.999711
1772809819.166244030 0.001573 -0.001531 0.000826 -0.023919 -0.001000 -0.001303 0.999713
1772809819.266303062 0.001193 -0.001556 0.001090 -0.024134 -0.001338 -0.001153 0.999707
1772809819.365883827 0.001576 -0.001542 0.000910 -0.023812 -0.001146 -0.001251 0.999715
1772809819.465847015 0.000961 -0.001293 0.001654 -0.023702 -0.001290 -0.001500 0.999717
1772809819.565811634 0.001104 -0.001052 0.001307 -0.023805 -0.001079 -0.001446 0.999715
1772809819.665886879 0.000659 -0.000644 0.001718 -0.023738 -0.001317 -0.001258 0.999717
1772809819.766342163 0.000463 -0.001074 0.001349 -0.024016 -0.000789 -0.001324 0.999710
1772809819.866364479 0.000917 -0.001431 0.000635 -0.023711 -0.000830 -0.001231 0.999718
1772809819.966612816 0.001164 -0.001686 0.000781 -0.023769 -0.001141 -0.001295 0.999716
1772809820.066748619 0.001578 -0.002059 0.001122 -0.023980 -0.001027 -0.001258 0.999711
1772809820.166732550 0.001648 -0.001914 0.001559 -0.024058 -0.001106 -0.001136 0.999709
1772809820.266818523 0.001696 -0.002613 0.001902 -0.023945 -0.000742 -0.001092 0.999712
1772809820.366806030 0.001209 -0.002364 0.001521 -0.024000 -0.000983 -0.001054 0.999711
1772809820.466820717 0.000969 -0.002293 0.001169 -0.023983 -0.001104 -0.001263 0.999711
1772809820.566872120 0.000487 -0.001891 0.000724 -0.024028 -0.001145 -0.001133 0.999710
1772809820.666817665 -0.000158 -0.001541 0.001329 -0.023824 -0.001191 -0.001183 0.999715
1772809820.767308235 -0.000397 -0.001345 0.002034 -0.023675 -0.000932 -0.001395 0.999718
1772809820.866644859 -0.000259 -0.001131 0.002202 -0.023766 -0.000977 -0.001215 0.999716
1772809820.966541767 -0.000095 -0.001122 0.002066 -0.023960 -0.000991 -0.001373 0.999711
1772809821.066391706 0.000080 -0.000535 0.001383 -0.023856 -0.001203 -0.001184 0.999714
1772809821.166354895 0.000253 -0.001160 0.001394 -0.023682 -0.001235 -0.001399 0.999718
1772809821.266232014 0.000610 -0.001314 0.001128 -0.023850 -0.001108 -0.001244 0.999714
1772809821.366196871 0.000404 -0.001420 0.001378 -0.024135 -0.001109 -0.001338 0.999707
1772809821.466197491 0.000404 -0.000870 0.001739 -0.023798 -0.001170 -0.001214 0.999715
1772809821.566175699 0.000439 -0.001107 0.002000 -0.024147 -0.000920 -0.001209 0.999707
1772809821.666250706 0.000410 -0.001371 0.002498 -0.023891 -0.000562 -0.001350 0.999714
1772809821.766298532 0.000686 -0.001173 0.002308 -0.023779 -0.001063 -0.001290 0.999716
1772809821.866234064 0.000443 -0.001641 0.002549 -0.023998 -0.001075 -0.001318 0.999711
1772809821.966273785 0.000051 -0.001572 0.002469 -0.024003 -0.001152 -0.001105 0.999711
1772809822.066336393 0.000399 -0.001815 0.002014 -0.024130 -0.000875 -0.001286 0.999708
1772809822.166290760 0.001054 -0.001504 0.001691 -0.023921 -0.001203 -0.001426 0.999712
1772809822.266274929 0.001698 -0.001499 0.001652 -0.024023 -0.001127 -0.001329 0.999710
1772809822.366289377 0.001768 -0.001640 0.001915 -0.023666 -0.001243 -0.001258 0.999718
1772809822.466341972 0.001895 -0.001772 0.001567 -0.024055 -0.001199 -0.001268 0.999709
1772809822.566327572 0.001392 -0.002242 0.001637 -0.023825 -0.001457 -0.001242 0.999714
1772809822.666324139 0.001102 -0.001959 0.001633 -0.024344 -0.000741 -0.001306 0.999703
1772809822.766327143 0.001416 -0.001889 0.001321 -0.024034 -0.000861 -0.001466 0.999710
1772809822.866463661 0.001752 -0.001799 0.001479 -0.024043 -0.001041 -0.001437 0.999709
1772809822.966948986 0.002159 -0.002219 0.001509 -0.023913 -0.000632 -0.001393 0.999713
1772809823.066740751 0.001804 -0.002376 0.002058 -0.023816 -0.001055 -0.000964 0.999715
1772809823.166644096 0.001521 -0.002291 0.002035 -0.024254 -0.000689 -0.001084 0.999705
1772809823.267001867 0.001070 -0.002295 0.001527 -0.023782 -0.001309 -0.001299 0.999715
1772809823.366818666 0.000554 -0.001676 0.000880 -0.024264 -0.000931 -0.001191 0.999704
1772809823.466710329 0.000550 -0.001666 0.001047 -0.023780 -0.001000 -0.001327 0.999716
1772809823.566566467 0.000519 -0.001215 0.001615 -0.023965 -0.001529 -0.001307 0.999711
1772809823.666507244 0.000623 -0.001349 0.001855 -0.024317 -0.000716 -0.001340 0.999703
1772809823.766307354 0.000216 -0.001330 0.001992 -0.023845 -0.000942 -0.001299 0.999714
1772809823.866340160 0.000551 -0.001356 0.001669 -0.023962 -0.000818 -0.001323 0.999712
1772809823.966325760 0.000633 -0.001349 0.001813 -0.023918 -0.000987 -0.001313 0.999713
1772809824.066451788 0.000585 -0.001251 0.001171 -0.023956 -0.001237 -0.001051 0.999712
1772809824.166469574 0.000378 -0.001227 0.001205 -0.024185 -0.000847 -0.001452 0.999706
1772809824.266526699 0.000276 -0.001112 0.000683 -0.024174 -0.000987 -0.001317 0.999706
1772809824.366499186 0.000717 -0.000899 0.000795 -0.023745 -0.000957 -0.001417 0.999717
1772809824.466733932 0.000615 -0.000653 0.001034 -0.023801 -0.000991 -0.001380 0.999715
1772809824.566667557 0.001001 -0.000967 0.000869 -0.023892 -0.001195 -0.001361 0.999713
1772809824.666623831 0.001661 -0.001115 0.001171 -0.023787 -0.001251 -0.001155 0.999716
1772809824.766530752 0.001661 -0.001099 0.000830 -0.023479 -0.000791 -0.001165 0.999723
1772809824.866313457 0.001348 -0.001026 0.001273 -0.023839 -0.000772 -0.001239 0.999715
1772809824.966190577 0.001113 -0.000827 0.001655 -0.023875 -0.001420 -0.001283 0.999713
1772809825.066008091 0.001412 -0.000964 0.001549 -0.024100 -0.000805 -0.001298 0.999708
1772809825.165956259 0.001692 -0.000738 0.001284 -0.024021 -0.001140 -0.001412 0.999710
1772809825.266173363 0.001930 -0.000875 0.001322 -0.024164 -0.001243 -0.001426 0.999706
1772809825.366134167 0.001671 -0.001150 0.002078 -0.023500 -0.000800 -0.001366 0.999723
1772809825.466069460 0.001942 -0.001307 0.002083 -0.023994 -0.001233 -0.001448 0.999710
1772809825.566239357 0.002088 -0.001544 0.002596 -0.023827 -0.000894 -0.001368 0.999715
1772809825.666117907 0.002074 -0.001531 0.002387 -0.024067 -0.001288 -0.001247 0.999709
1772809825.766232014 0.001822 -0.001748 0.001863 -0.023781 -0.000803 -0.001383 0.999716
1772809825.866200447 0.001508 -0.001368 0.001542 -0.024152 -0.001332 -0.001237 0.999707
1772809825.966172695 0.001046 -0.001019 0.001679 -0.023918 -0.001018 -0.001301 0.999713
1772809826.066162825 0.000569 -0.000574 0.002223 -0.024066 -0.000878 -0.001336 0.999709
1772809826.166073084 0.000299 -0.000294 0.002120 -0.023928 -0.000813 -0.001486 0.999712
1772809826.266057253 0.000141 -0.000134 0.002216 -0.023600 -0.000975 -0.001137 0.999720
1772809826.365838528 0.000055 -0.000299 0.001631 -0.023931 -0.000702 -0.001233 0.999713
1772809826.465774298 0.000102 -0.000656 0.001624 -0.023815 -0.000785 -0.001377 0.999715
1772809826.565778017 0.000373 -0.000767 0.000967 -0.024289 -0.001243 -0.001369 0.999703
1772809826.665824652 0.000665 -0.000988 0.001032 -0.023913 -0.001046 -0.001285 0.999713
1772809826.765813828 0.000605 -0.000990 0.001435 -0.023865 -0.001185 -0.001161 0.999714
1772809826.865990877 0.000680 -0.000790 0.001549 -0.023932 -0.001077 -0.001338 0.999712
1772809826.966075897 0.000705 -0.000989 0.001998 -0.023789 -0.001169 -0.001299 0.999715
1772809827.066052198 0.001141 -0.001044 0.001894 -0.023725 -0.001301 -0.001143 0.999717
1772809827.166072845 0.001221 -0.001043 0.001967 -0.023921 -0.000740 -0.001319 0.999713
1772809827.266025782 0.001104 -0.000916 0.001406 -0.023637 -0.001526 -0.001327 0.999719
1772809827.366033077 0.001118 -0.001000 0.001118 -0.023951 -0.001185 -0.001313 0.999712
1772809827.466000319 0.001357 -0.000741 0.001260 -0.023938 -0.000957 -0.001455 0.999712
1772809827.565980911 0.002019 -0.001001 0.001473 -0.023752 -0.001536 -0.001371 0.999716
1772809827.665906668 0.001754 -0.001451 0.002556 -0.023927 -0.001008 -0.001421 0.999712
1772809827.766022921 0.001959 -0.002121 0.002631 -0.023954 -0.000968 -0.001114 0.999712
1772809827.866021156 0.002632 -0.002712 0.001952 -0.023916 -0.000876 -0.001312 0.999713
1772809827.966136932 0.003549 -0.003040 0.001043 -0.024069 -0.001280 -0.001286 0.999709
1772809828.066204548 0.003293 -0.003068 0.001151 -0.023968 -0.000692 -0.001219 0.999712
1772809828.166264772 0.002540 -0.002103 0.001501 -0.023971 -0.001223 -0.001153 0.999711
1772809828.266569853 0.001959 -0.001794 0.001328 -0.024100 -0.001226 -0.001146 0.999708
1772809828.366543531 0.001445 -0.001326 0.001744 -0.024012 -0.001048 -0.001137 0.999710
1772809828.466714621 0.001386 -0.000996 0.001615 -0.023902 -0.000977 -0.001166 0.999713
1772809828.566755533 0.001199 -0.000590 0.001789 -0.023710 -0.000961 -0.001283 0.999718
1772809828.666853666 0.000874 -0.000324 0.001584 -0.023988 -0.000907 -0.001168 0.999711
1772809828.766837358 0.000277 -0.000249 0.001277 -0.023859 -0.000720 -0.001261 0.999714
1772809828.866559744 -0.000216 -0.000150 0.001443 -0.023850 -0.001083 -0.001286 0.999714
1772809828.966511250 0.000561 -0.000274 0.001452 -0.023996 -0.001066 -0.001452 0.999710
1772809829.066263914 0.000584 0.000021 0.002037 -0.023771 -0.001109 -0.001297 0.999716
1772809829.166078329 0.000575 -0.000357 0.001967 -0.023705 -0.001016 -0.001489 0.999717
1772809829.266033888 0.000201 0.000010 0.002715 -0.024099 -0.000952 -0.001363 0.999708
1772809829.365956068 -0.000066 -0.000101 0.002442 -0.023912 -0.000905 -0.001360 0.999713
1772809829.465731382 -0.000267 -0.000451 0.001515 -0.024089 -0.000978 -0.001599 0.999708
1772809829.565732956 0.000046 -0.000225 0.001180 -0.023802 -0.001553 -0.001494 0.999714
1772809829.665654421 0.000603 -0.000782 0.000876 -0.023733 -0.001332 -0.001107 0.999717
1772809829.765622377 0.000928 -0.000735 0.000967 -0.023736 -0.001212 -0.001321 0.999717
1772809829.865777731 0.001288 -0.001173 0.001652 -0.023732 -0.001115 -0.001322 0.999717
1772809829.966025352 0.000981 -0.001061 0.002528 -0.023949 -0.000745 -0.001232 0.999712
1772809830.066157103 0.000882 -0.001392 0.002144 -0.023775 -0.000870 -0.001173 0.999716
1772809830.166521549 0.001132 -0.001574 0.000973 -0.023783 -0.001100 -0.001264 0.999716
1772809830.266602516 0.000966 -0.001296 0.000356 -0.023809 -0.001485 -0.001236 0.999715
1772809830.366681099 0.001086 -0.001258 0.000416 -0.023917 -0.000530 -0.001202 0.999713
1772809830.466515303 0.000676 -0.000794 0.001031 -0.023944 -0.001503 -0.001291 0.999711
1772809830.566457510 0.000467 -0.001041 0.001403 -0.023580 -0.000794 -0.001347 0.999721
1772809830.666351557 -0.000202 -0.000756 0.002113 -0.023820 -0.000950 -0.001232 0.999715
1772809830.766293764 0.000088 -0.000981 0.002424 -0.024012 -0.001266 -0.001336 0.999710
1772809830.866211414 0.000803 -0.001224 0.002196 -0.023991 -0.000860 -0.001070 0.999711
1772809830.966190338 0.001882 -0.001490 0.001916 -0.024006 -0.001173 -0.001255 0.999710
1772809831.066282749 0.002510 -0.002021 0.001344 -0.024021 -0.001239 -0.001387 0.999710
1772809831.166184902 0.001944 -0.001565 0.001440 -0.023856 -0.001577 -0.001452 0.999713
1772809831.266209126 0.001886 -0.001868 0.001889 -0.024022 -0.000854 -0.001408 0.999710
1772809831.366196156 0.001418 -0.001675 0.002401 -0.024149 -0.001117 -0.001187 0.999707
1772809831.466249704 0.001331 -0.001933 0.002068 -0.023863 -0.001143 -0.001084 0.999714
1772809831.566311836 0.001022 -0.001721 0.001586 -0.023872 -0.001087 -0.001269 0.999714
1772809831.666450739 0.000941 -0.001390 0.001469 -0.023980 -0.001240 -0.001103 0.999711
1772809831.766611576 0.000677 -0.001460 0.001189 -0.023726 -0.001068 -0.001343 0.999717
1772809831.866809368 0.000732 -0.000846 0.001018 -0.023910 -0.001158 -0.001409 0.999712
1772809831.966774464 0.001456 -0.001136 0.001153 -0.023806 -0.001253 -0.001467 0.999715
1772809832.066728592 0.001147 -0.000961 0.001515 -0.024060 -0.000576 -0.001400 0.999709
1772809832.166601896 0.001110 -0.000859 0.001429 -0.023679 -0.001103 -0.001305 0.999718
1772809832.266328573 0.000732 -0.000555 0.000758 -0.023806 -0.001420 -0.001175 0.999715
1772809832.366203547 0.000131 -0.000572 0.001237 -0.023812 -0.001055 -0.001327 0.999715
1772809832.466105938 -0.000452 -0.000663 0.001620 -0.024162 -0.000729 -0.001290 0.999707
1772809832.565957785 -0.000612 -0.000483 0.001490 -0.024134 -0.000996 -0.001209 0.999708
1772809832.665860176 -0.000210 -0.000583 0.001963 -0.023705 -0.001107 -0.001291 0.999718
1772809832.765848875 -0.000454 -0.000545 0.002037 -0.024074 -0.001148 -0.001316 0.999709
1772809832.865873337 -0.000444 -0.000555 0.001629 -0.023806 -0.000871 -0.001221 0.999715
1772809832.966079950 -0.000939 -0.000242 0.001616 -0.023953 -0.001062 -0.001238 0.999712
1772809833.066358805 -0.000643 -0.000691 0.001759 -0.023789 -0.000970 -0.001443 0.999715
1772809833.166391134 -0.000006 -0.000928 0.001798 -0.023990 -0.001359 -0.001274 0.999710
1772809833.266606092 0.000435 -0.001355 0.001562 -0.023759 -0.001207 -0.001381 0.999716
1772809833.366765499 0.001140 -0.001394 0.001169 -0.024163 -0.001039 -0.001315 0.999707
1772809833.466812849 0.000690 -0.001665 0.001607 -0.024040 -0.001101 -0.001320 0.999710
1772809833.566697598 0.000710 -0.001741 0.001922 -0.023595 -0.001138 -0.001320 0.999720
1772809833.666672468 0.001065 -0.001745 0.001653 -0.023978 -0.001131 -0.001298 0.999711
1772809833.766560793 0.001198 -0.002257 0.001775 -0.023845 -0.000864 -0.001368 0.999714
1772809833.866600513 0.001638 -0.002204 0.001699 -0.024116 -0.000777 -0.001577 0.999708
1772809833.966650724 0.001440 -0.001659 0.001945 -0.023690 -0.001016 -0.001372 0.999718
1772809834.066553593 0.001254 -0.001454 0.002195 -0.023790 -0.000797 -0.001282 0.999716
1772809834.166713715 0.001267 -0.001471 0.001914 -0.023831 -0.000851 -0.001159 0.999715
1772809834.266717196 0.001259 -0.001590 0.002033 -0.023724 -0.001100 -0.001342 0.999717
1772809834.366923094 0.001190 -0.001606 0.001646 -0.024076 -0.001023 -0.001178 0.999709
1772809834.466608047 0.001230 -0.002222 0.001617 -0.023783 -0.001344 -0.001500 0.999715
1772809834.566645384 0.001347 -0.002101 0.002020 -0.023690 -0.001252 -0.001198 0.999718
1772809834.666638613 0.001453 -0.001956 0.002283 -0.023892 -0.000779 -0.001420 0.999713
1772809834.766605616 0.001107 -0.001905 0.002998 -0.023722 -0.001003 -0.001240 0.999717
1772809834.866607904 0.001806 -0.002075 0.002755 -0.023858 -0.001260 -0.001097 0.999714
1772809834.966454744 0.002359 -0.002062 0.002686 -0.023647 -0.000425 -0.001144 0.999720
1772809835.066568136 0.002854 -0.002308 0.002049 -0.023652 -0.000639 -0.001133 0.999719
1772809835.166526318 0.002270 -0.002706 0.002335 -0.023584 -0.000729 -0.001113 0.999721
1772809835.266407728 0.001667 -0.002345 0.002362 -0.023703 -0.001035 -0.000881 0.999718
1772809835.366451025 0.001525 -0.002110 0.002103 -0.023736 -0.000840 -0.001038 0.999717
1772809835.466252565 0.001361 -0.001676 0.001851 -0.023859 -0.001088 -0.001148 0.999714
1772809835.565979242 0.003577 -0.003224 0.001977 -0.023714 -0.000540 -0.000806 0.999718
1772809835.666045904 0.003556 -0.003340 0.002486 -0.023548 -0.000599 -0.000808 0.999722
1772809835.765832424 0.003576 -0.003594 0.002702 -0.023599 -0.001066 -0.000825 0.999721
1772809835.865621567 0.003133 -0.003333 0.002731 -0.023509 -0.000742 -0.001027 0.999723
1772809835.965641737 0.002747 -0.002616 0.002806 -0.023698 -0.000872 -0.000717 0.999719
1772809836.065646410 0.002625 -0.002659 0.002735 -0.023678 -0.001060 -0.001142 0.999718
1772809836.165585279 0.002692 -0.002635 0.002406 -0.023777 -0.000882 -0.001038 0.999716
1772809836.265686750 0.003311 -0.002831 0.002486 -0.023449 -0.000855 -0.000961 0.999724
1772809836.365694046 0.003384 -0.002635 0.002750 -0.023457 -0.000890 -0.000877 0.999724
1772809836.465834379 0.003267 -0.002888 0.002497 -0.023602 -0.000856 -0.000856 0.999721
1772809836.565926552 0.002983 -0.002484 0.002265 -0.023540 -0.000883 -0.000666 0.999722
1772809836.665999889 0.002950 -0.002257 0.002017 -0.023507 -0.000945 -0.000814 0.999723
1772809836.765777588 0.003462 -0.002526 0.002278 -0.023736 -0.000997 -0.001056 0.999717
1772809836.865820169 0.003629 -0.002399 0.002107 -0.023632 -0.001016 -0.000890 0.999720
1772809836.965904713 0.003660 -0.002418 0.002171 -0.023481 -0.001010 -0.000874 0.999723
1772809837.065870523 0.003274 -0.002120 0.002920 -0.023653 -0.000889 -0.000917 0.999719
1772809837.165871382 0.003233 -0.002431 0.002699 -0.023625 -0.000888 -0.000878 0.999720
1772809837.265902042 0.002951 -0.002176 0.001867 -0.023831 -0.000337 -0.001008 0.999715
1772809837.366036654 0.003171 -0.001833 0.001628 -0.023708 -0.000813 -0.000911 0.999718
1772809837.466239929 0.003668 -0.002300 0.002154 -0.023524 -0.000737 -0.000840 0.999723
1772809837.566379309 0.003386 -0.002083 0.002579 -0.023671 -0.001016 -0.000782 0.999719
1772809837.666460276 0.003215 -0.002401 0.002420 -0.023563 -0.001101 -0.001046 0.999721
1772809837.766549826 0.002865 -0.002235 0.002279 -0.023795 -0.001264 -0.000833 0.999716
1772809837.866461277 0.002522 -0.002665 0.002660 -0.023833 -0.000946 -0.000796 0.999715
1772809837.966388464 0.001900 -0.002610 0.002963 -0.023839 -0.000979 -0.001003 0.999715
1772809838.066301823 0.002424 -0.002390 0.003289 -0.023644 -0.001096 -0.000830 0.999719
1772809838.166253090 0.002405 -0.002835 0.003137 -0.023687 -0.000384 -0.001014 0.999719
1772809838.266056538 0.002320 -0.002359 0.003223 -0.023651 -0.000483 -0.000781 0.999720
1772809838.365984440 0.002514 -0.002166 0.003339 -0.023414 -0.000775 -0.000883 0.999725
1772809838.465877533 0.002587 -0.001780 0.002533 -0.023587 -0.000994 -0.000797 0.999721
1772809838.566119909 0.002842 -0.002331 0.002557 -0.023651 -0.000915 -0.000932 0.999719
1772809838.666034460 0.002863 -0.001958 0.002568 -0.023573 -0.000760 -0.000911 0.999721
1772809838.766179085 0.003206 -0.002257 0.002565 -0.023665 -0.000534 -0.001030 0.999719
1772809838.866304159 0.002839 -0.002760 0.002406 -0.023547 -0.001221 -0.000794 0.999722
1772809838.966315985 0.002636 -0.002585 0.002415 -0.023651 -0.001185 -0.000864 0.999719
1772809839.066470385 0.003127 -0.002576 0.003178 -0.023430 -0.000323 -0.000910 0.999725
1772809839.166308165 0.003036 -0.002063 0.002538 -0.023783 -0.000280 -0.000862 0.999717
1772809839.266350508 0.003308 -0.002139 0.002527 -0.023556 -0.000753 -0.000897 0.999722
1772809839.366332054 0.003150 -0.002097 0.001761 -0.023520 -0.001237 -0.000885 0.999722
1772809839.466316223 0.003139 -0.002216 0.001960 -0.023924 -0.001040 -0.000927 0.999713
1772809839.566321373 0.002471 -0.002296 0.002870 -0.023533 -0.000751 -0.000872 0.999722
1772809839.666310549 0.002442 -0.002074 0.003171 -0.023641 -0.000699 -0.000608 0.999720
1772809839.766373873 0.002487 -0.002193 0.003170 -0.023499 -0.001043 -0.000973 0.999723
1772809839.866281033 0.002934 -0.002313 0.002434 -0.023779 -0.000529 -0.000871 0.999717
1772809839.966176033 0.002899 -0.002691 0.002788 -0.023453 -0.000879 -0.001075 0.999724
1772809840.065971851 0.002872 -0.002524 0.002897 -0.023875 -0.000667 -0.000875 0.999714
1772809840.165879488 0.003531 -0.002694 0.002587 -0.023605 -0.000923 -0.001077 0.999720
1772809840.265813351 0.003030 -0.002713 0.002838 -0.023620 -0.000779 -0.000954 0.999720
1772809840.365959406 0.002721 -0.002716 0.002814 -0.023474 -0.001007 -0.000849 0.999724
1772809840.465964794 0.002748 -0.002581 0.002889 -0.023669 -0.000875 -0.000955 0.999719
1772809840.566000700 0.002535 -0.002780 0.003051 -0.023723 -0.001071 -0.000648 0.999718
1772809840.666012526 0.002726 -0.003096 0.002599 -0.023785 -0.000956 -0.000923 0.999716
1772809840.766046524 0.002479 -0.002603 0.002448 -0.023653 -0.001028 -0.000705 0.999719
1772809840.866186619 0.002925 -0.002796 0.002466 -0.023376 -0.000866 -0.001165 0.999726
1772809840.966495275 0.002759 -0.002710 0.002788 -0.023770 -0.000960 -0.000728 0.999717
1772809841.066699266 0.002534 -0.002728 0.002736 -0.023827 -0.000901 -0.000831 0.999715
1772809841.166795969 0.002898 -0.002330 0.002590 -0.023713 -0.000585 -0.000920 0.999718
1772809841.267143250 0.003362 -0.002374 0.002638 -0.023915 -0.000968 -0.000823 0.999713
1772809841.367259264 0.003654 -0.002262 0.002134 -0.023517 -0.001238 -0.000870 0.999722
1772809841.467207432 0.003480 -0.002025 0.003049 -0.023515 -0.000687 -0.000971 0.999723
1772809841.567263126 0.003619 -0.002133 0.002871 -0.023595 -0.000310 -0.001152 0.999721
1772809841.667247295 0.002913 -0.002219 0.002336 -0.023735 -0.000676 -0.000836 0.999718
1772809841.766947031 0.002577 -0.002541 0.002323 -0.023808 -0.000800 -0.000759 0.999716
1772809841.866562605 0.002804 -0.002579 0.002000 -0.023852 -0.000715 -0.000899 0.999715
1772809841.966387033 0.002863 -0.002468 0.001902 -0.023562 -0.000779 -0.000828 0.999722
1772809842.066377163 0.003013 -0.002316 0.001944 -0.023413 -0.001182 -0.000875 0.999725
1772809842.166380405 0.002717 -0.001996 0.002670 -0.023802 -0.001072 -0.000695 0.999716
1772809842.266215563 0.003082 -0.002173 0.002697 -0.023383 -0.001007 -0.000909 0.999726
1772809842.366309881 0.003234 -0.002574 0.002113 -0.023817 -0.001089 -0.000599 0.999716
1772809842.466303587 0.002899 -0.002879 0.002443 -0.023891 -0.000740 -0.000745 0.999714
1772809842.566404343 0.003249 -0.003192 0.002343 -0.023720 -0.000994 -0.000853 0.999718
1772809842.666557789 0.003136 -0.003216 0.002820 -0.023667 -0.000817 -0.000764 0.999719
1772809842.766808271 0.003289 -0.003092 0.003218 -0.023683 -0.000810 -0.000789 0.999719
1772809842.866869688 0.003311 -0.003413 0.003257 -0.023850 -0.000935 -0.000799 0.999715
1772809842.966882944 0.003193 -0.003444 0.003473 -0.023578 -0.000857 -0.000678 0.999721
1772809843.066841364 0.003117 -0.003493 0.003553 -0.023751 -0.000440 -0.000649 0.999718
1772809843.166756153 0.003699 -0.003531 0.003181 -0.023422 -0.000824 -0.000648 0.999725
1772809843.266616583 0.003768 -0.002903 0.002556 -0.023707 -0.000975 -0.000757 0.999718
1772809843.366465330 0.003125 -0.002642 0.002450 -0.023674 -0.000958 -0.000888 0.999719
1772809843.466124058 0.002657 -0.002639 0.002937 -0.023704 -0.000893 -0.000848 0.999718
1772809843.565991640 0.002531 -0.002422 0.003225 -0.023616 -0.000645 -0.000920 0.999720
1772809843.665860415 0.002586 -0.002400 0.003329 -0.023610 -0.000909 -0.000876 0.999720
1772809843.765854120 0.002590 -0.002225 0.002759 -0.023604 -0.000916 -0.000547 0.999721
1772809843.865753651 0.002821 -0.002335 0.002580 -0.023597 -0.000874 -0.000857 0.999721
1772809843.965795994 0.002755 -0.002660 0.002524 -0.023888 -0.000827 -0.000933 0.999714
1772809844.065816402 0.002979 -0.002596 0.002660 -0.023417 -0.000972 -0.000744 0.999725
1772809844.166087866 0.003119 -0.002409 0.002805 -0.023489 -0.001040 -0.000832 0.999723
1772809844.266240597 0.002846 -0.002652 0.002832 -0.023753 -0.000337 -0.000912 0.999717
1772809844.366641045 0.002880 -0.002260 0.002547 -0.023338 -0.000905 -0.000815 0.999727
1772809844.467053652 0.002908 -0.002220 0.002582 -0.023571 -0.000675 -0.000750 0.999722
1772809844.567147017 0.002757 -0.002361 0.002421 -0.023437 -0.000792 -0.001025 0.999724
1772809844.667391062 0.002978 -0.002196 0.001886 -0.023699 -0.000864 -0.000819 0.999718
1772809844.767240047 0.003419 -0.002868 0.001561 -0.023544 -0.000874 -0.000796 0.999722
1772809844.867049694 0.003299 -0.003100 0.001312 -0.023290 -0.001066 -0.000786 0.999728
1772809844.966979742 0.003673 -0.003245 0.001350 -0.023572 -0.000880 -0.000894 0.999721
1772809845.066680193 0.003374 -0.002903 0.001699 -0.023565 -0.000668 -0.000598 0.999722
1772809845.166465998 0.002811 -0.002947 0.001878 -0.023588 -0.001125 -0.000749 0.999721
1772809845.266237020 0.002975 -0.002521 0.001931 -0.023717 -0.000560 -0.000903 0.999718
1772809845.366229057 0.002889 -0.001971 0.002176 -0.023824 -0.000728 -0.000711 0.999716
1772809845.466237068 0.003115 -0.001892 0.001877 -0.023678 -0.000801 -0.000771 0.999719
1772809845.566444159 0.002962 -0.001652 0.001965 -0.023429 -0.000746 -0.000639 0.999725
1772809845.666659355 0.003093 -0.001809 0.001833 -0.023663 -0.000980 -0.000906 0.999719
1772809845.766962528 0.002891 -0.001448 0.002027 -0.023307 -0.000886 -0.000946 0.999728
1772809845.867503643 0.002749 -0.001187 0.001993 -0.023422 -0.001313 -0.000875 0.999724
1772809845.967646122 0.002765 -0.001132 0.001920 -0.023185 -0.000762 -0.000839 0.999731
1772809846.067619801 0.003017 -0.001183 0.002095 -0.023621 -0.001488 -0.000907 0.999719
1772809846.167669773 0.004055 -0.001589 0.002226 -0.023459 -0.000933 -0.000571 0.999724
1772809846.267426252 0.004656 -0.001486 0.002432 -0.023835 -0.000894 -0.000482 0.999715
1772809846.367207527 0.005328 -0.002392 0.001848 -0.023306 -0.001156 -0.000192 0.999728
1772809846.467020273 0.005205 -0.002619 0.001762 -0.023493 -0.000725 -0.000428 0.999724
1772809846.566738844 0.004874 -0.002852 0.001933 -0.023554 -0.001276 -0.000371 0.999722
1772809846.666567564 0.004247 -0.003437 0.001746 -0.023606 -0.001158 -0.000417 0.999721
1772809846.766391039 0.004324 -0.003258 0.001900 -0.023536 -0.001269 -0.000366 0.999722
1772809846.866373301 0.004430 -0.002973 0.002028 -0.023549 -0.001385 -0.000602 0.999722
1772809846.966442347 0.004455 -0.002282 0.002244 -0.023818 -0.000753 -0.000632 0.999716
1772809847.066587210 0.004594 -0.002839 0.002069 -0.023483 -0.000954 -0.000677 0.999724
1772809847.166887760 0.004145 -0.002588 0.001537 -0.023434 -0.000904 -0.000684 0.999725
1772809847.266880751 0.003989 -0.002392 0.001910 -0.023534 -0.000891 -0.000520 0.999722
1772809847.366999388 0.004244 -0.002563 0.001557 -0.023697 -0.000869 -0.000594 0.999719
1772809847.467123985 0.004214 -0.002558 0.001738 -0.023808 -0.000955 -0.000589 0.999716
1772809847.567038059 0.004218 -0.003041 0.001889 -0.023376 -0.001120 -0.000583 0.999726
1772809847.667011023 0.003800 -0.003097 0.002237 -0.023494 -0.000818 -0.000507 0.999724
1772809847.766964912 0.004118 -0.003304 0.002699 -0.023539 -0.000959 -0.000445 0.999722
1772809847.866938353 0.004069 -0.003258 0.002190 -0.023308 -0.000709 -0.000401 0.999728
1772809847.966967344 0.004363 -0.003430 0.002232 -0.023432 -0.001384 -0.000429 0.999724
1772809848.067119360 0.004530 -0.003845 0.001771 -0.023410 -0.000828 -0.000519 0.999725
1772809848.167123079 0.004319 -0.003660 0.001764 -0.023617 -0.000923 -0.000593 0.999720
1772809848.267137289 0.004506 -0.003904 0.001868 -0.023405 -0.001144 -0.000404 0.999725
1772809848.367224693 0.004109 -0.003825 0.002274 -0.023627 -0.000835 -0.000519 0.999720
1772809848.467195034 0.003959 -0.003858 0.002940 -0.023610 -0.000846 -0.000495 0.999721
1772809848.567064524 0.003933 -0.003853 0.003025 -0.023433 -0.000640 -0.000300 0.999725
1772809848.667029619 0.003921 -0.003946 0.003015 -0.023546 -0.001033 -0.000451 0.999722
1772809848.766847849 0.003626 -0.003910 0.002853 -0.023926 -0.000586 -0.000459 0.999713
1772809848.866521835 0.003748 -0.003635 0.002599 -0.023675 -0.001034 -0.000474 0.999719
1772809848.966491938 0.004248 -0.003446 0.002283 -0.023632 -0.001033 -0.000408 0.999720
1772809849.066450596 0.004384 -0.003027 0.002192 -0.023700 -0.001053 -0.000642 0.999718
1772809849.166418791 0.004648 -0.003136 0.002490 -0.023529 -0.000741 -0.000496 0.999723
1772809849.266260624 0.003786 -0.002741 0.002699 -0.023517 -0.001201 -0.000514 0.999723
1772809849.366444111 0.003459 -0.002952 0.002984 -0.023513 -0.001042 -0.000489 0.999723
1772809849.466317177 0.003210 -0.002912 0.002963 -0.023729 -0.000514 -0.000471 0.999718
1772809849.566553593 0.003459 -0.002721 0.002765 -0.023685 -0.000791 -0.000576 0.999719
1772809849.666704416 0.003369 -0.002737 0.002417 -0.023692 -0.001019 -0.000470 0.999719
1772809849.766785383 0.003490 -0.002786 0.002439 -0.023844 -0.000735 -0.000678 0.999715
1772809849.866919994 0.003663 -0.002561 0.002589 -0.023394 -0.001178 -0.000645 0.999725
1772809849.966869354 0.004018 -0.002143 0.002495 -0.023550 -0.001133 -0.000688 0.999722
1772809850.067005873 0.005047 -0.002342 0.002358 -0.023491 -0.000742 -0.000380 0.999724
1772809850.166947842 0.005103 -0.002474 0.002163 -0.023705 -0.000952 -0.000479 0.999718
1772809850.266891479 0.004662 -0.002542 0.002180 -0.023662 -0.000982 -0.000363 0.999719
1772809850.366811752 0.004759 -0.002519 0.001913 -0.023526 -0.000802 -0.000526 0.999723
1772809850.466772795 0.004635 -0.002532 0.002475 -0.023451 -0.000973 -0.000556 0.999724
1772809850.566681147 0.004404 -0.002548 0.003109 -0.023545 -0.000553 -0.000660 0.999722
1772809850.666669607 0.004249 -0.002225 0.003108 -0.023743 -0.000703 -0.000489 0.999718
1772809850.766690254 0.004273 -0.002056 0.003032 -0.023435 -0.000453 -0.000376 0.999725
1772809850.866700172 0.004438 -0.002203 0.002709 -0.023655 -0.001517 -0.000304 0.999719
1772809850.966763973 0.004318 -0.002524 0.002336 -0.023488 -0.001325 -0.000499 0.999723
1772809851.066890001 0.004530 -0.002522 0.001577 -0.023866 -0.001177 -0.000653 0.999714
1772809851.167048931 0.004601 -0.002659 0.002086 -0.023375 -0.001239 -0.000573 0.999726
1772809851.267137527 0.004390 -0.002348 0.002487 -0.023541 -0.000690 -0.000526 0.999723
1772809851.367141485 0.004254 -0.002345 0.002453 -0.023701 -0.000451 -0.000742 0.999719
1772809851.467376232 0.004253 -0.002712 0.002589 -0.023640 -0.000694 -0.000541 0.999720
1772809851.567207575 0.004231 -0.002944 0.002303 -0.023600 -0.000716 -0.000438 0.999721
1772809851.667148352 0.004109 -0.002976 0.002557 -0.023669 -0.001001 -0.000573 0.999719
1772809851.766977549 0.003938 -0.002850 0.002508 -0.023642 -0.001044 -0.000397 0.999720
1772809851.866811275 0.004374 -0.002983 0.002462 -0.023849 -0.001561 -0.000527 0.999714
1772809851.966715574 0.004530 -0.002611 0.002360 -0.023749 -0.000782 -0.000559 0.999718
1772809852.066547155 0.004811 -0.002591 0.002313 -0.023508 -0.000862 -0.000617 0.999723
1772809852.166535378 0.004442 -0.002509 0.002927 -0.023608 -0.000541 -0.000707 0.999721
1772809852.266371727 0.004255 -0.002687 0.003106 -0.023578 -0.000898 -0.000471 0.999721
1772809852.366446972 0.004020 -0.002742 0.002891 -0.023535 -0.000449 -0.000448 0.999723
1772809852.466463327 0.004220 -0.002949 0.002614 -0.023921 -0.000936 -0.000140 0.999713
1772809852.566611290 0.004488 -0.003351 0.002593 -0.023682 -0.001036 -0.000681 0.999719
1772809852.666840553 0.004307 -0.002844 0.002259 -0.023711 -0.001053 -0.000516 0.999718
1772809852.766807079 0.004376 -0.002553 0.002347 -0.023845 -0.001307 -0.000348 0.999715
1772809852.866787434 0.003784 -0.002097 0.002848 -0.023559 -0.001226 -0.000647 0.999721
1772809852.966845274 0.003745 -0.002406 0.003174 -0.023816 -0.000707 -0.000829 0.999716
1772809853.066831589 0.003851 -0.002426 0.003253 -0.023582 -0.000961 -0.000940 0.999721
1772809853.166840553 0.004369 -0.001897 0.002831 -0.023437 -0.001170 -0.000602 0.999724
1772809853.266819239 0.004885 -0.001756 0.003133 -0.023578 -0.001097 -0.000674 0.999721
1772809853.367026806 0.004457 -0.001357 0.003079 -0.023599 -0.000615 -0.000554 0.999721
1772809853.466886759 0.005245 -0.001572 0.002753 -0.023568 -0.000842 -0.000558 0.999722
1772809853.566640139 0.005162 -0.001187 0.002692 -0.023735 -0.000677 -0.000547 0.999718
1772809853.666575909 0.005392 -0.001082 0.002477 -0.023622 -0.000973 -0.000543 0.999720
1772809853.766521454 0.005809 -0.001275 0.002577 -0.023717 -0.000766 -0.000551 0.999718
1772809853.866307259 0.005696 -0.001807 0.002418 -0.023572 -0.000602 -0.000415 0.999722
1772809853.966265440 0.005372 -0.002166 0.002493 -0.023520 -0.000997 -0.000437 0.999723
1772809854.066149235 0.005365 -0.002100 0.002324 -0.023876 -0.001135 -0.000405 0.999714
1772809854.166075468 0.004997 -0.002535 0.002609 -0.023497 -0.001130 -0.000679 0.999723
1772809854.266149521 0.004711 -0.002377 0.003138 -0.023590 -0.000949 -0.000388 0.999721
1772809854.366182804 0.005149 -0.002616 0.003010 -0.023803 -0.001137 -0.000711 0.999716
1772809854.466211081 0.005327 -0.002057 0.003204 -0.023766 -0.001151 -0.000526 0.999717
1772809854.566418409 0.005579 -0.001730 0.003103 -0.023818 -0.000886 -0.000597 0.999716
1772809854.666536570 0.005462 -0.001547 0.002692 -0.023693 -0.000874 -0.000442 0.999719
1772809854.766869545 0.005160 -0.001645 0.002494 -0.023811 -0.001111 -0.000349 0.999716
1772809854.867106915 0.005177 -0.002565 0.002290 -0.023546 -0.000819 -0.000558 0.999722
1772809854.967255831 0.004977 -0.002426 0.002421 -0.023627 -0.001321 -0.000540 0.999720
1772809855.067326069 0.004981 -0.002426 0.002344 -0.023700 -0.000896 -0.000611 0.999719
1772809855.167434454 0.004652 -0.002162 0.002550 -0.023494 -0.000886 -0.000495 0.999723
1772809855.267246008 0.004468 -0.002344 0.002440 -0.023725 -0.000926 -0.000502 0.999718
1772809855.367164373 0.004805 -0.002445 0.002344 -0.023622 -0.000785 -0.000625 0.999720
1772809855.467101336 0.004679 -0.002250 0.001897 -0.023726 -0.001204 -0.000537 0.999718
1772809855.567204475 0.004284 -0.002398 0.001831 -0.023511 -0.001016 -0.000453 0.999723
1772809855.667220354 0.003919 -0.001702 0.001822 -0.023596 -0.001186 -0.000590 0.999721
1772809855.767327785 0.004063 -0.001805 0.001797 -0.023495 -0.000745 -0.000719 0.999723
1772809855.867305279 0.003517 -0.001713 0.002298 -0.023482 -0.000728 -0.000694 0.999724
1772809855.967316151 0.003548 -0.001912 0.002823 -0.023523 -0.000801 -0.000656 0.999723
1772809856.067202091 0.003488 -0.001731 0.002633 -0.023601 -0.000904 -0.000540 0.999721
1772809856.167251587 0.003494 -0.002192 0.002094 -0.023703 -0.000673 -0.000366 0.999719
1772809856.267193079 0.003462 -0.002084 0.002084 -0.023771 -0.000798 -0.000519 0.999717
1772809856.367030382 0.003275 -0.001374 0.001933 -0.023524 -0.001109 -0.000612 0.999722
1772809856.467118263 0.004022 -0.000923 0.001937 -0.023514 -0.001013 -0.000910 0.999723
1772809856.567229509 0.004175 -0.000238 0.001395 -0.023462 -0.000860 -0.000893 0.999724
1772809856.667299032 0.004147 -0.000309 0.001478 -0.023415 -0.000942 -0.000877 0.999725
1772809856.767508030 0.003633 -0.000570 0.002179 -0.023275 -0.000946 -0.000679 0.999728
1772809856.867514372 0.003832 -0.000915 0.002050 -0.023584 -0.000759 -0.000781 0.999721
1772809856.967412949 0.003699 -0.001353 0.001502 -0.023547 -0.001008 -0.000557 0.999722
1772809857.067330599 0.003618 -0.001584 0.001547 -0.023548 -0.001220 -0.000763 0.999722
1772809857.167109966 0.003964 -0.001725 0.001895 -0.023499 -0.001376 -0.000729 0.999723
1772809857.266972065 0.003733 -0.001836 0.002473 -0.023625 -0.000999 -0.000554 0.999720
1772809857.366887808 0.004191 -0.002146 0.002447 -0.023634 -0.000385 -0.000379 0.999721
1772809857.466684103 0.003686 -0.002058 0.002458 -0.023575 -0.001075 -0.000503 0.999721
1772809857.566642284 0.003699 -0.002334 0.001903 -0.023700 -0.000923 -0.000633 0.999718
1772809857.666714430 0.003644 -0.001710 0.001313 -0.023599 -0.000716 -0.000516 0.999721
1772809857.766839743 0.003696 -0.001419 0.001412 -0.023635 -0.001147 -0.000586 0.999720
1772809857.866858006 0.003980 -0.001918 0.001519 -0.023610 -0.001177 -0.000633 0.999720
1772809857.967031479 0.004170 -0.001852 0.002202 -0.023794 -0.001248 -0.000680 0.999716
1772809858.067300558 0.004331 -0.002153 0.002150 -0.023475 -0.000655 -0.000850 0.999724
1772809858.167406321 0.004180 -0.002186 0.002188 -0.023581 -0.000963 -0.000683 0.999721
1772809858.267513990 0.004060 -0.002705 0.002475 -0.023579 -0.001175 -0.000743 0.999721
1772809858.367582560 0.003888 -0.002665 0.001701 -0.023819 -0.001029 -0.000480 0.999716
1772809858.467489243 0.003930 -0.002498 0.001506 -0.023710 -0.001289 -0.000606 0.999718
1772809858.567540407 0.003486 -0.002884 0.001747 -0.023701 -0.000671 -0.000760 0.999719
1772809858.667400837 0.003192 -0.003380 0.001564 -0.023537 -0.001108 -0.000588 0.999722
1772809858.767155647 0.003608 -0.003588 0.001825 -0.023465 -0.001027 -0.000811 0.999724
1772809858.867218256 0.003518 -0.003728 0.002175 -0.023664 -0.000875 -0.000584 0.999719
1772809858.967263937 0.003496 -0.004252 0.002760 -0.023573 -0.000882 -0.000652 0.999722
1772809859.067256689 0.003337 -0.003876 0.003055 -0.023780 -0.000836 -0.000388 0.999717
1772809859.167313576 0.003684 -0.003546 0.002731 -0.023664 -0.000935 -0.000746 0.999719
1772809859.267421007 0.003941 -0.003364 0.002336 -0.023569 -0.000916 -0.000632 0.999722
1772809859.367493868 0.004388 -0.003297 0.002082 -0.023657 -0.001496 -0.000459 0.999719
1772809859.467458010 0.004895 -0.003409 0.002193 -0.023367 -0.001007 -0.000781 0.999726
1772809859.567362785 0.004838 -0.003359 0.002380 -0.023802 -0.000962 -0.000496 0.999716
1772809859.667299509 0.004470 -0.003618 0.002702 -0.023614 -0.000895 -0.000612 0.999721
1772809859.767313242 0.003578 -0.003344 0.002473 -0.023659 -0.000791 -0.000519 0.999720
1772809859.867396832 0.003738 -0.003705 0.002431 -0.023705 -0.001104 -0.000611 0.999718
1772809859.967548370 0.003716 -0.003539 0.001871 -0.023880 -0.001200 -0.000690 0.999714
1772809860.067618847 0.003652 -0.003652 0.002092 -0.023518 -0.000839 -0.000583 0.999723
1772809860.167840481 0.003780 -0.003987 0.002171 -0.023429 -0.001091 -0.000697 0.999725
1772809860.267645359 0.003866 -0.004004 0.002646 -0.023635 -0.001088 -0.000712 0.999720
1772809860.367568970 0.003778 -0.004373 0.003108 -0.023528 -0.001082 -0.000633 0.999722
1772809860.467638969 0.003271 -0.004179 0.002617 -0.023515 -0.000810 -0.000700 0.999723
1772809860.567435026 0.003420 -0.003952 0.002275 -0.023667 -0.001267 -0.000405 0.999719
1772809860.667316675 0.003547 -0.004093 0.002085 -0.023817 -0.000887 -0.000771 0.999716
1772809860.767179966 0.003807 -0.004072 0.002014 -0.023597 -0.001010 -0.000455 0.999721
1772809860.867095709 0.003621 -0.003881 0.001921 -0.023535 -0.001116 -0.000420 0.999722
1772809860.967110395 0.003593 -0.003707 0.002126 -0.023513 -0.000878 -0.000404 0.999723
1772809861.067150593 0.004071 -0.003931 0.002051 -0.023593 -0.001052 -0.000720 0.999721
1772809861.167101622 0.003811 -0.003893 0.002065 -0.023508 -0.001025 -0.000580 0.999723
1772809861.267401218 0.004415 -0.004116 0.002291 -0.023580 -0.001010 -0.000590 0.999721
1772809861.367382050 0.005070 -0.004128 0.001869 -0.023525 -0.000715 -0.000726 0.999723
1772809861.467530966 0.004884 -0.004167 0.002377 -0.023734 -0.001057 -0.000631 0.999718
1772809861.567483664 0.004946 -0.003902 0.002418 -0.023482 -0.001171 -0.000674 0.999723
1772809861.667324066 0.005182 -0.003846 0.002290 -0.023778 -0.000963 -0.000706 0.999717
1772809861.767275572 0.005559 -0.003415 0.002596 -0.023343 -0.000590 -0.000545 0.999727
1772809861.867069006 0.005481 -0.002628 0.002185 -0.023629 -0.000972 -0.000449 0.999720
1772809861.966970682 0.005616 -0.002112 0.002387 -0.023395 -0.000788 -0.000488 0.999726
1772809862.066826105 0.005098 -0.001997 0.002319 -0.023700 -0.000870 -0.000511 0.999719
1772809862.166776419 0.004793 -0.002169 0.002634 -0.023847 -0.000747 -0.000789 0.999715
1772809862.266694307 0.004657 -0.002484 0.002311 -0.023749 -0.000737 -0.000685 0.999717
1772809862.366803408 0.005011 -0.002652 0.001987 -0.023774 -0.000960 -0.000525 0.999717
1772809862.466925383 0.005469 -0.002000 0.002476 -0.023248 -0.001289 -0.000360 0.999729
1772809862.567017317 0.005676 -0.001451 0.002735 -0.023824 -0.000757 -0.000665 0.999716
1772809862.666974545 0.005806 -0.001013 0.003044 -0.023443 -0.000848 -0.000506 0.999725
1772809862.767112255 0.006044 -0.000721 0.002842 -0.023704 -0.001219 -0.000493 0.999718
1772809862.867072821 0.006502 -0.000715 0.002483 -0.023837 -0.000780 -0.000667 0.999715
1772809862.967095852 0.006670 -0.000516 0.002430 -0.023788 -0.000931 -0.000633 0.999716
1772809863.067179680 0.007085 -0.000681 0.002230 -0.023734 -0.000870 -0.000686 0.999718
1772809863.167426348 0.006897 -0.000915 0.002563 -0.023428 -0.000861 -0.000522 0.999725
1772809863.267377853 0.006503 -0.001428 0.002508 -0.023752 -0.000810 -0.000424 0.999717
1772809863.367270947 0.006195 -0.001743 0.002478 -0.023601 -0.000782 -0.000551 0.999721
1772809863.467291117 0.005690 -0.002099 0.002176 -0.023931 -0.001038 -0.000410 0.999713
1772809863.567298412 0.005221 -0.002597 0.002081 -0.023517 -0.000703 -0.000623 0.999723
1772809863.667437315 0.004858 -0.002867 0.002423 -0.023627 -0.001146 -0.000729 0.999720
1772809863.767685413 0.004692 -0.002919 0.002055 -0.023804 -0.001302 -0.000557 0.999716
1772809863.867666960 0.004656 -0.002606 0.002337 -0.023464 -0.000994 -0.000438 0.999724
1772809863.967841387 0.004883 -0.002420 0.002530 -0.023453 -0.000857 -0.000666 0.999724
1772809864.067959070 0.005104 -0.002291 0.002902 -0.023604 -0.000767 -0.000495 0.999721
1772809864.168106556 0.004964 -0.002134 0.002720 -0.023874 -0.000829 -0.000409 0.999715
1772809864.268072128 0.004780 -0.002318 0.002602 -0.023935 -0.000526 -0.000472 0.999713
1772809864.368093729 0.004452 -0.002276 0.002950 -0.023946 -0.000924 -0.000504 0.999713
1772809864.468069553 0.004661 -0.002235 0.003077 -0.023785 -0.000761 -0.000634 0.999717
1772809864.567902327 0.004574 -0.002045 0.003197 -0.023698 -0.000450 -0.000591 0.999719
1772809864.667623520 0.004888 -0.002344 0.002970 -0.023569 -0.000617 -0.000787 0.999722
1772809864.767521381 0.004969 -0.002688 0.002545 -0.023487 -0.000698 -0.000571 0.999724
1772809864.867392302 0.004904 -0.002870 0.002325 -0.023573 -0.000977 -0.000246 0.999722
1772809864.967497826 0.004766 -0.002850 0.002825 -0.023610 -0.000634 -0.000580 0.999721
1772809865.067358732 0.004862 -0.002633 0.002657 -0.023919 -0.001103 -0.000453 0.999713
1772809865.167341471 0.005302 -0.002593 0.002541 -0.023469 -0.000780 -0.000715 0.999724
1772809865.267324924 0.005700 -0.002267 0.002916 -0.023921 -0.000853 -0.000662 0.999713
1772809865.367208004 0.006007 -0.002366 0.002979 -0.023788 -0.000955 -0.000373 0.999716
1772809865.467219591 0.005923 -0.002333 0.003157 -0.023602 -0.000874 -0.000544 0.999721
1772809865.567097664 0.005719 -0.002398 0.003214 -0.023604 -0.000854 -0.000603 0.999721
1772809865.667107821 0.005643 -0.002303 0.002977 -0.023491 -0.000898 -0.000598 0.999723
1772809865.766977072 0.005293 -0.001836 0.002544 -0.023771 -0.000602 -0.000546 0.999717
1772809865.867094278 0.005566 -0.001717 0.002196 -0.023588 -0.001078 -0.000565 0.999721
1772809865.967053890 0.005591 -0.001593 0.002305 -0.023607 -0.001092 -0.000618 0.999721
1772809866.067146063 0.005910 -0.002004 0.002315 -0.023773 -0.000954 -0.000638 0.999717
1772809866.167131424 0.005953 -0.001826 0.001839 -0.023423 -0.000830 -0.000439 0.999725
1772809866.267307281 0.006219 -0.001886 0.001627 -0.023382 -0.000905 -0.000526 0.999726
1772809866.367461920 0.006582 -0.002013 0.001884 -0.023718 -0.000846 -0.000442 0.999718
1772809866.467617750 0.006269 -0.002412 0.001995 -0.023861 -0.001362 -0.000272 0.999714
1772809866.567661047 0.006095 -0.002507 0.002017 -0.023661 -0.001096 -0.000519 0.999719
1772809866.667626381 0.005396 -0.001973 0.002648 -0.023827 -0.000847 -0.000396 0.999716
1772809866.767640114 0.005690 -0.002024 0.002114 -0.023444 -0.000810 -0.000441 0.999725
1772809866.867545366 0.005609 -0.001934 0.002131 -0.023464 -0.000884 -0.000467 0.999724
1772809866.967352629 0.005995 -0.002080 0.002106 -0.023596 -0.000944 -0.000319 0.999721
1772809867.067330122 0.006215 -0.002224 0.002578 -0.023712 -0.000882 -0.000376 0.999718
1772809867.167213440 0.005979 -0.002481 0.002551 -0.023809 -0.001221 -0.000436 0.999716
1772809867.267229319 0.005923 -0.002756 0.002188 -0.023593 -0.001536 -0.000452 0.999720
1772809867.367176056 0.005508 -0.002893 0.002166 -0.023997 -0.000801 -0.000564 0.999712
1772809867.467301846 0.005500 -0.003519 0.001952 -0.023522 -0.000837 -0.000535 0.999723
1772809867.567109585 0.005265 -0.003079 0.001892 -0.023607 -0.000984 -0.000448 0.999721
1772809867.667179823 0.005295 -0.002749 0.002020 -0.023479 -0.000701 -0.000490 0.999724
1772809867.767155409 0.005414 -0.002142 0.002718 -0.023540 -0.000539 -0.000733 0.999722
1772809867.867271423 0.005581 -0.001661 0.003092 -0.023674 -0.000999 -0.000336 0.999719
1772809867.967359543 0.005628 -0.001286 0.002962 -0.023595 -0.000947 -0.000376 0.999721
1772809868.067453861 0.005732 -0.001114 0.003122 -0.023760 -0.001064 -0.000559 0.999717
1772809868.167648792 0.005959 -0.001435 0.003231 -0.023815 -0.000319 -0.000497 0.999716
1772809868.267637253 0.005883 -0.001282 0.003733 -0.023858 -0.001008 -0.000219 0.999715
1772809868.367438555 0.005894 -0.001349 0.003750 -0.023752 -0.000453 -0.000415 0.999718
1772809868.467263937 0.005228 -0.000925 0.003954 -0.023782 -0.000599 -0.000454 0.999717
1772809868.567214251 0.005401 -0.001332 0.003521 -0.023799 -0.000704 -0.000581 0.999716
1772809868.667155981 0.005843 -0.001817 0.002504 -0.023635 -0.000980 -0.000419 0.999720
1772809868.767184496 0.006082 -0.002104 0.002236 -0.023695 -0.001202 -0.000230 0.999718
1772809868.867248297 0.005933 -0.002594 0.002066 -0.023683 -0.000628 -0.000464 0.999719
1772809868.967389584 0.005574 -0.002539 0.001891 -0.023609 -0.001017 -0.000036 0.999721
1772809869.067635536 0.005708 -0.002840 0.002087 -0.023616 -0.001220 -0.000384 0.999720
1772809869.167648792 0.005396 -0.002779 0.002454 -0.023721 -0.000462 -0.000255 0.999718
1772809869.267917633 0.005249 -0.002809 0.002480 -0.023424 -0.000823 -0.000258 0.999725
1772809869.368052483 0.004837 -0.002951 0.002512 -0.023682 -0.000910 -0.000562 0.999719
1772809869.468297005 0.004600 -0.002788 0.002535 -0.023949 -0.000825 -0.000554 0.999713
1772809869.568512678 0.004513 -0.003031 0.002377 -0.023838 -0.000817 -0.000417 0.999715
1772809869.668461084 0.004292 -0.003035 0.002358 -0.023726 -0.000830 -0.000369 0.999718
1772809869.768369436 0.004187 -0.003479 0.002397 -0.023777 -0.000968 -0.000394 0.999717
1772809869.868449450 0.003901 -0.003335 0.002745 -0.023576 -0.000997 -0.000324 0.999721
1772809869.968508720 0.004132 -0.003663 0.002773 -0.023467 -0.000457 -0.000529 0.999724
1772809870.068275452 0.003998 -0.003862 0.002480 -0.023461 -0.001099 -0.000454 0.999724
1772809870.168164015 0.004178 -0.004378 0.002457 -0.023727 -0.001076 -0.000606 0.999718
1772809870.268202305 0.004262 -0.004559 0.002489 -0.023808 -0.000661 -0.000365 0.999716
1772809870.368242025 0.004432 -0.004295 0.002477 -0.023713 -0.000985 -0.000538 0.999718
1772809870.468262911 0.004420 -0.004098 0.002365 -0.023683 -0.001168 -0.000588 0.999719
1772809870.568185806 0.004113 -0.003457 0.002781 -0.023727 -0.000943 -0.000500 0.999718
1772809870.668129921 0.004871 -0.003354 0.002851 -0.023482 -0.000391 -0.000644 0.999724
1772809870.768108845 0.004886 -0.003449 0.002763 -0.023587 -0.001214 -0.000415 0.999721
1772809870.867874146 0.005279 -0.003717 0.002723 -0.023693 -0.001071 -0.000512 0.999719
1772809870.967751026 0.005060 -0.003493 0.002137 -0.023645 -0.001129 -0.000581 0.999720
1772809871.067789555 0.004981 -0.003248 0.002405 -0.023866 -0.001090 -0.000562 0.999714
1772809871.167874336 0.004836 -0.003209 0.002403 -0.023781 -0.000442 -0.000627 0.999717
1772809871.267948151 0.004794 -0.003211 0.002533 -0.023674 -0.000562 -0.000619 0.999719
1772809871.368039370 0.005528 -0.003436 0.002473 -0.023720 -0.000916 -0.000723 0.999718
1772809871.468067408 0.005341 -0.003056 0.002197 -0.023735 -0.000816 -0.000665 0.999718
1772809871.568016768 0.005259 -0.003129 0.002484 -0.023741 -0.001149 -0.000465 0.999717
1772809871.667982578 0.005005 -0.002970 0.002838 -0.023645 -0.001147 -0.000483 0.999720
1772809871.767612219 0.004988 -0.003153 0.003015 -0.023699 -0.000835 -0.000663 0.999719
1772809871.867603302 0.004957 -0.003214 0.002617 -0.023678 -0.000963 -0.000565 0.999719
1772809871.967622757 0.005134 -0.003391 0.002702 -0.023560 -0.000796 -0.000715 0.999722
1772809872.067662239 0.005345 -0.003669 0.002479 -0.023495 -0.001147 -0.000439 0.999723
1772809872.167607307 0.005306 -0.003736 0.002340 -0.023753 -0.001455 -0.000551 0.999717
1772809872.267823696 0.004985 -0.004225 0.002602 -0.023270 -0.000601 -0.000568 0.999729
1772809872.368064642 0.004126 -0.004230 0.002978 -0.023637 -0.001020 -0.000447 0.999720
1772809872.468189001 0.004028 -0.004247 0.002950 -0.023572 -0.000607 -0.000395 0.999722
1772809872.568159580 0.003971 -0.004058 0.002741 -0.023605 -0.001066 -0.000691 0.999721
1772809872.668384552 0.004032 -0.003973 0.002505 -0.023876 -0.000873 -0.000466 0.999714
1772809872.768595219 0.004202 -0.004340 0.003049 -0.023669 -0.001038 -0.000790 0.999719
1772809872.868636131 0.004212 -0.004310 0.003305 -0.023733 -0.001063 -0.000543 0.999718
1772809872.968822241 0.004116 -0.004180 0.003249 -0.023647 -0.000610 -0.000473 0.999720
1772809873.068802834 0.003711 -0.003934 0.002742 -0.023482 -0.000640 -0.000660 0.999724
1772809873.168845654 0.004146 -0.004048 0.002420 -0.023847 -0.000949 -0.000605 0.999715
1772809873.268546820 0.004362 -0.004225 0.001916 -0.023676 -0.000968 -0.000703 0.999719
1772809873.368458033 0.004911 -0.004147 0.002077 -0.023628 -0.001034 -0.000713 0.999720
1772809873.468033075 0.005073 -0.004259 0.002907 -0.023668 -0.000577 -0.000868 0.999719
1772809873.567801714 0.005224 -0.003869 0.002727 -0.023776 -0.001043 -0.000679 0.999717
1772809873.667704582 0.005603 -0.004060 0.002614 -0.023349 -0.000849 -0.000714 0.999727
1772809873.767436743 0.005339 -0.004030 0.002520 -0.023661 -0.000800 -0.000687 0.999719
1772809873.867362022 0.005638 -0.004614 0.002648 -0.023493 -0.000761 -0.000881 0.999723
1772809873.967499018 0.005739 -0.004549 0.002029 -0.023708 -0.000883 -0.000451 0.999718
1772809874.067677975 0.005872 -0.004558 0.001751 -0.023602 -0.001001 -0.000899 0.999721
1772809874.167798996 0.006066 -0.004168 0.002017 -0.023508 -0.000825 -0.001005 0.999723
1772809874.267781973 0.006085 -0.003887 0.002507 -0.023724 -0.001013 -0.000765 0.999718
1772809874.367899418 0.006300 -0.004135 0.002799 -0.023228 -0.000796 -0.000882 0.999729
1772809874.468013287 0.006277 -0.004387 0.002423 -0.023486 -0.001027 -0.000724 0.999723
1772809874.567905188 0.006282 -0.004374 0.002588 -0.023655 -0.001036 -0.000812 0.999719
1772809874.667884588 0.005805 -0.003985 0.002243 -0.023430 -0.001180 -0.000669 0.999725
1772809874.767852783 0.005893 -0.003996 0.002018 -0.023463 -0.001190 -0.000812 0.999724
1772809874.867716789 0.005854 -0.003792 0.002124 -0.023633 -0.000860 -0.000664 0.999720
1772809874.967710733 0.005797 -0.003819 0.002164 -0.023642 -0.001075 -0.000733 0.999720
1772809875.067657709 0.006088 -0.003488 0.002244 -0.023516 -0.000999 -0.000807 0.999723
1772809875.167605877 0.005870 -0.003089 0.002350 -0.023765 -0.000969 -0.000749 0.999717
1772809875.267511129 0.005348 -0.003244 0.002285 -0.023365 -0.000956 -0.000826 0.999726
1772809875.367502928 0.004579 -0.003290 0.002636 -0.023495 -0.000876 -0.000612 0.999723
1772809875.467383623 0.004653 -0.003436 0.002467 -0.023566 -0.001004 -0.000735 0.999722
1772809875.567435503 0.004747 -0.003720 0.002632 -0.023649 -0.000901 -0.000615 0.999720
1772809875.667790651 0.004795 -0.004375 0.002525 -0.023383 -0.000767 -0.000682 0.999726
1772809875.767581463 0.004406 -0.004619 0.002749 -0.023561 -0.001082 -0.000644 0.999722
1772809875.867559195 0.003836 -0.004542 0.002402 -0.023612 -0.000648 -0.000584 0.999721
1772809875.967613697 0.003832 -0.004639 0.002494 -0.023427 -0.000713 -0.000551 0.999725
1772809876.067722559 0.004072 -0.004397 0.002187 -0.023579 -0.000887 -0.000465 0.999721
1772809876.167571306 0.004028 -0.004287 0.002083 -0.023773 -0.000762 -0.000695 0.999717
1772809876.267552853 0.003628 -0.003992 0.002520 -0.023803 -0.001377 -0.000627 0.999716
1772809876.367676735 0.003550 -0.003770 0.002883 -0.023749 -0.000634 -0.000648 0.999718
1772809876.467601299 0.004107 -0.003621 0.002727 -0.023483 -0.001325 -0.000660 0.999723
1772809876.567759275 0.004455 -0.003872 0.002575 -0.023648 -0.000553 -0.000728 0.999720
1772809876.667712212 0.004652 -0.003728 0.002675 -0.023405 -0.000983 -0.000619 0.999725
1772809876.767680168 0.004311 -0.003595 0.002494 -0.023531 -0.001001 -0.000635 0.999722
1772809876.867586851 0.004033 -0.003325 0.002676 -0.023623 -0.000901 -0.000613 0.999720
1772809876.967564821 0.003948 -0.003520 0.002802 -0.023566 -0.000944 -0.000845 0.999721
1772809877.067710400 0.003525 -0.004061 0.002828 -0.023454 -0.000874 -0.000707 0.999724
1772809877.167621374 0.003870 -0.003851 0.002698 -0.023385 -0.000977 -0.000527 0.999726
1772809877.267687798 0.004583 -0.003522 0.002338 -0.023454 -0.001035 -0.000544 0.999724
1772809877.367695332 0.004578 -0.003195 0.002307 -0.023356 -0.000804 -0.000756 0.999727
1772809877.467643023 0.004466 -0.003359 0.002885 -0.023633 -0.001024 -0.000424 0.999720
1772809877.567653418 0.004545 -0.003298 0.002520 -0.023527 -0.000808 -0.000607 0.999723
1772809877.667907715 0.004237 -0.003279 0.002512 -0.023689 -0.000909 -0.000321 0.999719
1772809877.767863989 0.004101 -0.003581 0.002200 -0.023642 -0.001204 -0.000603 0.999720
1772809877.867851496 0.004168 -0.003400 0.002409 -0.023505 -0.001346 -0.000466 0.999723
1772809877.967910051 0.004381 -0.003631 0.002577 -0.023861 -0.000713 -0.000566 0.999715
1772809878.068029642 0.004268 -0.003328 0.002974 -0.023322 -0.000906 -0.000558 0.999727
1772809878.168054819 0.004145 -0.003718 0.002949 -0.023505 -0.000610 -0.000609 0.999723
1772809878.268173456 0.003928 -0.003640 0.002999 -0.023463 -0.001048 -0.000554 0.999724
1772809878.367840528 0.003850 -0.003604 0.002878 -0.023720 -0.001487 -0.000380 0.999717
1772809878.467682838 0.003614 -0.003631 0.002663 -0.023434 -0.001024 -0.000893 0.999724
1772809878.567596197 0.003764 -0.003344 0.002637 -0.023825 -0.000922 -0.000435 0.999716
1772809878.667558908 0.004078 -0.003621 0.001913 -0.023619 -0.000929 -0.000816 0.999720
1772809878.767677546 0.004239 -0.003187 0.001824 -0.023591 -0.001118 -0.000520 0.999721
1772809878.867742538 0.004272 -0.003469 0.002085 -0.023300 -0.001155 -0.000622 0.999728
1772809878.967886448 0.004201 -0.003406 0.002279 -0.023585 -0.000749 -0.000580 0.999721
1772809879.068028688 0.004337 -0.003481 0.002045 -0.023610 -0.000765 -0.000298 0.999721
1772809879.167898417 0.004259 -0.004050 0.002195 -0.023512 -0.001133 -0.000684 0.999723
1772809879.268049002 0.004460 -0.003731 0.002359 -0.023777 -0.000940 -0.000413 0.999717
1772809879.367953539 0.004796 -0.004014 0.001814 -0.023299 -0.001259 -0.000644 0.999728
1772809879.467789888 0.004906 -0.003852 0.001888 -0.023527 -0.000835 -0.000380 0.999723
1772809879.567675114 0.005244 -0.004039 0.001309 -0.023346 -0.001125 -0.000393 0.999727
1772809879.667653561 0.004674 -0.003734 0.001601 -0.023538 -0.001077 -0.000681 0.999722
1772809879.767529249 0.004231 -0.003766 0.001962 -0.023557 -0.001144 -0.000712 0.999722
1772809879.867491007 0.004062 -0.003562 0.001806 -0.023521 -0.001054 -0.000932 0.999722
1772809879.967374325 0.003832 -0.003466 0.001640 -0.023647 -0.001273 -0.000873 0.999719
1772809880.067272186 0.004046 -0.003748 0.001566 -0.023467 -0.000983 -0.001104 0.999724
1772809880.167369127 0.004028 -0.003627 0.001936 -0.023515 -0.001146 -0.000844 0.999722
1772809880.267492771 0.004139 -0.003898 0.002330 -0.023445 -0.000898 -0.000847 0.999724
1772809880.367412567 0.003975 -0.003598 0.002763 -0.023445 -0.000770 -0.000691 0.999725
1772809880.467454672 0.004202 -0.003767 0.002603 -0.023530 -0.001135 -0.000812 0.999722
1772809880.567408800 0.004288 -0.003778 0.002021 -0.023423 -0.001079 -0.000890 0.999725
1772809880.667346478 0.004696 -0.003715 0.002147 -0.023867 -0.000874 -0.000820 0.999714
1772809880.767297745 0.005066 -0.003973 0.001828 -0.023479 -0.000978 -0.000782 0.999724
1772809880.867251396 0.005306 -0.003368 0.002353 -0.023590 -0.001285 -0.000654 0.999721
1772809880.967158318 0.005655 -0.003300 0.002400 -0.023554 -0.000861 -0.000895 0.999722
1772809881.067208052 0.005328 -0.003032 0.002283 -0.023431 -0.000943 -0.000852 0.999725
1772809881.167161703 0.005447 -0.003189 0.002206 -0.023527 -0.000801 -0.000875 0.999722
1772809881.267309189 0.004991 -0.003224 0.002134 -0.023611 -0.000833 -0.000891 0.999720
1772809881.367322206 0.004636 -0.003038 0.002333 -0.023545 -0.001198 -0.000770 0.999722
1772809881.467422724 0.004928 -0.003288 0.002409 -0.023731 -0.000842 -0.000826 0.999718
1772809881.567517519 0.004754 -0.002946 0.002218 -0.023546 -0.000954 -0.000609 0.999722
1772809881.667382240 0.004746 -0.003310 0.001891 -0.023562 -0.000985 -0.000959 0.999721
1772809881.767640352 0.004387 -0.003140 0.002058 -0.023479 -0.000725 -0.000763 0.999724
1772809881.867486000 0.004432 -0.002998 0.001607 -0.023420 -0.000837 -0.000673 0.999725
1772809881.967527390 0.004210 -0.002866 0.001605 -0.023551 -0.001119 -0.000640 0.999722
1772809882.067580938 0.004217 -0.002459 0.002189 -0.023856 -0.001180 -0.000667 0.999714
1772809882.167547703 0.003779 -0.002585 0.001722 -0.023337 -0.001050 -0.000769 0.999727
1772809882.267400503 0.003770 -0.002333 0.002020 -0.023733 -0.001235 -0.000839 0.999717
1772809882.367295265 0.004597 -0.002655 0.001931 -0.023381 -0.000912 -0.000686 0.999726
1772809882.467466116 0.004575 -0.002749 0.001848 -0.023664 -0.000694 -0.000833 0.999719
1772809882.567549467 0.004923 -0.002827 0.001841 -0.023399 -0.000774 -0.000648 0.999726
1772809882.667492628 0.004292 -0.003034 0.002297 -0.023530 -0.000985 -0.000761 0.999722
1772809882.767549038 0.004081 -0.002834 0.002084 -0.023807 -0.001223 -0.000635 0.999716
1772809882.867580175 0.004247 -0.002946 0.001846 -0.023406 -0.001026 -0.000398 0.999725
1772809882.967580080 0.004175 -0.003012 0.002566 -0.023713 -0.001070 -0.000428 0.999718
1772809883.067590475 0.004832 -0.003281 0.002826 -0.023535 -0.000691 -0.000568 0.999723
1772809883.167673826 0.004647 -0.003184 0.002787 -0.023446 -0.000853 -0.000458 0.999725
1772809883.267599344 0.004679 -0.003357 0.002299 -0.023509 -0.000783 -0.000616 0.999723
1772809883.367793322 0.004160 -0.003343 0.002050 -0.023483 -0.000666 -0.000632 0.999724
1772809883.467803478 0.004129 -0.003170 0.001881 -0.023777 -0.000943 -0.000658 0.999717
1772809883.567949295 0.004079 -0.003174 0.001469 -0.023470 -0.001174 -0.000482 0.999724
1772809883.667952776 0.003689 -0.002878 0.001451 -0.023385 -0.000892 -0.000691 0.999726
1772809883.768048525 0.003659 -0.003270 0.002124 -0.023618 -0.001093 -0.000682 0.999720
1772809883.868118048 0.003956 -0.003506 0.002470 -0.023292 -0.001165 -0.000711 0.999728
1772809883.968165398 0.004671 -0.003610 0.002367 -0.023541 -0.000723 -0.000821 0.999722
1772809884.068291426 0.004830 -0.003469 0.001938 -0.023525 -0.000876 -0.000830 0.999723
1772809884.168316603 0.004659 -0.003178 0.001562 -0.023565 -0.000842 -0.000824 0.999722
1772809884.268399715 0.004458 -0.003031 0.001425 -0.023538 -0.000857 -0.000603 0.999722
1772809884.368322611 0.004045 -0.002887 0.001719 -0.023853 -0.000969 -0.000742 0.999715
1772809884.468224049 0.003710 -0.002935 0.002072 -0.023741 -0.001143 -0.000714 0.999717
1772809884.567943096 0.003739 -0.002761 0.002187 -0.023447 -0.000820 -0.000716 0.999724
1772809884.667815685 0.004261 -0.003093 0.001866 -0.023595 -0.000978 -0.000678 0.999721
1772809884.767787457 0.004420 -0.002960 0.001808 -0.023654 -0.000883 -0.000631 0.999720
1772809884.867581129 0.004267 -0.002978 0.001923 -0.023432 -0.000998 -0.000692 0.999725
1772809884.967486620 0.004044 -0.002831 0.001683 -0.023535 -0.001129 -0.000607 0.999722
1772809885.067485332 0.003819 -0.002753 0.001797 -0.023773 -0.000984 -0.000573 0.999717
1772809885.167546511 0.003877 -0.002862 0.001430 -0.023449 -0.000887 -0.000550 0.999724
1772809885.267583370 0.004116 -0.002815 0.001495 -0.023622 -0.000859 -0.000487 0.999720
1772809885.367740870 0.004430 -0.003214 0.001889 -0.023477 -0.000709 -0.000747 0.999724
1772809885.467994928 0.004676 -0.003197 0.002337 -0.023712 -0.000911 -0.000491 0.999718
1772809885.568113327 0.004552 -0.003447 0.002253 -0.023370 -0.001350 -0.000624 0.999726
1772809885.668121338 0.004315 -0.003718 0.001862 -0.023531 -0.000936 -0.000595 0.999722
1772809885.768165350 0.004218 -0.004298 0.002243 -0.023656 -0.000706 -0.000792 0.999720
1772809885.868187666 0.004155 -0.004259 0.002102 -0.023643 -0.000869 -0.000711 0.999720
1772809885.968067884 0.004547 -0.003975 0.001994 -0.023496 -0.001068 -0.000785 0.999723
1772809886.068037271 0.004826 -0.003731 0.002007 -0.023642 -0.001013 -0.000799 0.999720
1772809886.168005228 0.004683 -0.003322 0.001892 -0.023827 -0.000862 -0.000577 0.999716
1772809886.267981529 0.004749 -0.003257 0.001655 -0.023331 -0.001224 -0.000667 0.999727
1772809886.367914438 0.004680 -0.003137 0.001498 -0.023742 -0.001000 -0.000651 0.999717
1772809886.467903852 0.004613 -0.003155 0.001560 -0.023546 -0.000824 -0.000701 0.999722
1772809886.568094254 0.004049 -0.002710 0.001715 -0.023568 -0.000922 -0.000575 0.999722
1772809886.668226004 0.004055 -0.002768 0.002085 -0.023558 -0.000795 -0.000704 0.999722
1772809886.768132925 0.003665 -0.002846 0.002628 -0.023571 -0.000882 -0.000883 0.999721
1772809886.868331671 0.003710 -0.003081 0.002752 -0.023614 -0.001098 -0.000664 0.999720
1772809886.968453646 0.003749 -0.003595 0.002805 -0.023434 -0.001084 -0.000691 0.999725
1772809887.068496943 0.003680 -0.003386 0.002458 -0.023662 -0.001220 -0.000567 0.999719
1772809887.168439150 0.003975 -0.003586 0.002386 -0.023639 -0.000406 -0.000670 0.999720
1772809887.268423319 0.003936 -0.003300 0.002510 -0.023709 -0.001071 -0.000663 0.999718
1772809887.368222237 0.004168 -0.003336 0.002263 -0.023767 -0.000901 -0.000598 0.999717
1772809887.468309164 0.004068 -0.003076 0.002105 -0.023419 -0.001149 -0.000680 0.999725
1772809887.568239689 0.004260 -0.003403 0.002113 -0.023483 -0.001069 -0.000628 0.999723
1772809887.668373823 0.004618 -0.003543 0.001959 -0.023353 -0.000905 -0.000582 0.999727
1772809887.768271685 0.004460 -0.003253 0.001611 -0.023582 -0.000859 -0.000580 0.999721
1772809887.868283272 0.004189 -0.003300 0.001855 -0.023719 -0.000882 -0.000686 0.999718
1772809887.968383551 0.003771 -0.003120 0.001699 -0.023812 -0.001121 -0.000602 0.999716
1772809888.068290472 0.004320 -0.003490 0.001801 -0.023581 -0.000917 -0.000756 0.999721
1772809888.168257475 0.004543 -0.003509 0.001783 -0.023546 -0.000984 -0.000726 0.999722
1772809888.268277407 0.004917 -0.003214 0.001722 -0.023433 -0.001067 -0.000621 0.999725
1772809888.368119717 0.004686 -0.003065 0.002279 -0.023525 -0.000912 -0.000763 0.999723
1772809888.468121052 0.004277 -0.002991 0.001886 -0.023441 -0.001099 -0.000603 0.999724
1772809888.568289518 0.004413 -0.003118 0.001361 -0.023444 -0.001093 -0.000624 0.999724
1772809888.668400288 0.004173 -0.002787 0.001117 -0.023654 -0.000773 -0.000514 0.999720
1772809888.768303871 0.004246 -0.002792 0.001968 -0.023591 -0.000899 -0.000802 0.999721
1772809888.868310690 0.003995 -0.002718 0.001863 -0.023653 -0.000964 -0.000697 0.999720
1772809888.968343973 0.004517 -0.003067 0.001900 -0.023539 -0.001065 -0.000778 0.999722
1772809889.068460464 0.004209 -0.003498 0.002740 -0.023469 -0.001030 -0.000740 0.999724
1772809889.168498993 0.004685 -0.003597 0.002691 -0.023639 -0.000900 -0.000596 0.999720
1772809889.268633127 0.005134 -0.004057 0.002007 -0.023202 -0.001204 -0.000718 0.999730
1772809889.368616343 0.005056 -0.003593 0.001262 -0.024073 -0.001291 -0.000493 0.999709
1772809889.468671322 0.004889 -0.003916 0.001989 -0.023546 -0.000798 -0.000860 0.999722
1772809889.568634748 0.004284 -0.003962 0.002574 -0.023843 -0.000774 -0.000754 0.999715
1772809889.668800354 0.004495 -0.003830 0.002321 -0.023564 -0.000661 -0.000818 0.999722
1772809889.768836260 0.004361 -0.003539 0.002148 -0.023563 -0.000929 -0.000620 0.999722
1772809889.868711233 0.004467 -0.003555 0.001902 -0.023698 -0.001161 -0.000656 0.999718
1772809889.968613386 0.004491 -0.003790 0.002016 -0.023489 -0.001152 -0.000750 0.999723
1772809890.068539381 0.003801 -0.003426 0.001807 -0.023658 -0.000785 -0.000570 0.999720
1772809890.168356419 0.003478 -0.003561 0.001925 -0.023661 -0.001207 -0.000770 0.999719
1772809890.268237829 0.003567 -0.003328 0.001863 -0.023787 -0.001284 -0.000671 0.999716
1772809890.368169785 0.004383 -0.003786 0.001984 -0.023581 -0.001035 -0.000710 0.999721
1772809890.468052864 0.004357 -0.003530 0.002383 -0.023682 -0.000752 -0.000818 0.999719
1772809890.568074942 0.004514 -0.003389 0.002164 -0.023595 -0.001011 -0.000658 0.999721
1772809890.668248177 0.003930 -0.002924 0.002241 -0.023638 -0.000984 -0.000839 0.999720
1772809890.768297911 0.003145 -0.002463 0.001640 -0.023524 -0.000795 -0.000731 0.999723
1772809890.868623018 0.002778 -0.002239 0.001460 -0.023492 -0.001043 -0.001010 0.999723
1772809890.968712091 0.002330 -0.001708 0.001429 -0.023504 -0.001096 -0.000851 0.999723
1772809891.068711996 0.002576 -0.001516 0.001404 -0.023414 -0.001047 -0.000872 0.999725
1772809891.168686867 0.002628 -0.001125 0.001947 -0.023780 -0.000777 -0.000856 0.999717
1772809891.268761396 0.002968 -0.001220 0.002331 -0.023422 -0.001073 -0.001051 0.999725
1772809891.368574381 0.003057 -0.001018 0.002661 -0.023272 -0.000823 -0.000826 0.999728
1772809891.468517065 0.002596 -0.001283 0.002366 -0.023490 -0.001348 -0.000864 0.999723
1772809891.568350554 0.002238 -0.001492 0.001666 -0.023466 -0.001377 -0.000918 0.999723
1772809891.668171883 0.001947 -0.001346 0.001746 -0.023817 -0.001150 -0.000926 0.999715
1772809891.768167973 0.001954 -0.001275 0.001506 -0.023686 -0.001083 -0.001112 0.999718
1772809891.868012190 0.001902 -0.000911 0.001537 -0.023841 -0.001186 -0.000953 0.999715
1772809891.968012094 0.002365 -0.001268 0.001661 -0.023501 -0.001105 -0.001058 0.999723
1772809892.067800760 0.002690 -0.001226 0.001988 -0.023686 -0.001036 -0.000813 0.999719
1772809892.168018103 0.002702 -0.001905 0.002155 -0.023712 -0.000851 -0.000981 0.999718
1772809892.268070698 0.002986 -0.001873 0.001593 -0.023736 -0.001040 -0.000855 0.999717
1772809892.368371725 0.002835 -0.002237 0.001446 -0.023600 -0.001418 -0.001058 0.999720
1772809892.468365669 0.002597 -0.002135 0.001932 -0.023792 -0.001143 -0.000956 0.999716
1772809892.568365335 0.002736 -0.002072 0.002418 -0.023929 -0.001116 -0.001115 0.999712
1772809892.668467760 0.002982 -0.002624 0.002211 -0.023508 -0.000824 -0.001329 0.999722
1772809892.768380165 0.002654 -0.002366 0.002008 -0.023697 -0.001033 -0.001117 0.999718
1772809892.868514061 0.002157 -0.002430 0.001793 -0.023459 -0.000857 -0.001056 0.999724
1772809892.968524218 0.001504 -0.002177 0.001916 -0.023636 -0.001097 -0.000968 0.999720
1772809893.068659067 0.001302 -0.002046 0.001695 -0.023600 -0.000814 -0.000906 0.999721
1772809893.168660879 0.001085 -0.001975 0.001557 -0.023786 -0.001166 -0.001184 0.999716
1772809893.268725395 0.001260 -0.001613 0.001584 -0.023673 -0.000711 -0.001278 0.999719
1772809893.368501186 0.001411 -0.001734 0.001804 -0.023629 -0.000968 -0.001253 0.999720
1772809893.468451262 0.001415 -0.001770 0.002069 -0.023568 -0.001058 -0.001384 0.999721
1772809893.568341732 0.001798 -0.002078 0.002235 -0.023682 -0.001089 -0.001156 0.999718
1772809893.668236256 0.001465 -0.001923 0.002203 -0.023709 -0.000844 -0.001411 0.999718
1772809893.768104792 0.001597 -0.001718 0.001871 -0.023692 -0.001119 -0.001100 0.999718
1772809893.868026018 0.001463 -0.001263 0.001531 -0.023617 -0.001181 -0.001289 0.999720
1772809893.968035460 0.001445 -0.001450 0.001622 -0.023866 -0.001088 -0.001381 0.999714
1772809894.068127394 0.001737 -0.001681 0.001901 -0.023605 -0.000935 -0.001271 0.999720
1772809894.167985678 0.001407 -0.001708 0.002416 -0.023984 -0.001280 -0.001316 0.999711
1772809894.268274546 0.001352 -0.001761 0.001967 -0.023571 -0.000921 -0.001328 0.999721
1772809894.368010521 0.000947 -0.001505 0.001622 -0.023600 -0.000931 -0.001098 0.999720
1772809894.468094826 0.000813 -0.001258 0.001706 -0.023275 -0.001222 -0.001109 0.999728
1772809894.568136930 0.000608 -0.000918 0.001815 -0.023511 -0.000574 -0.001244 0.999723
1772809894.668268681 0.001104 -0.000980 0.001895 -0.023675 -0.000869 -0.001102 0.999719
1772809894.768265486 0.001135 -0.000962 0.001898 -0.023636 -0.001002 -0.001401 0.999719
1772809894.868394852 0.001192 -0.001177 0.002287 -0.023837 -0.001074 -0.001260 0.999714
1772809894.968439817 0.001706 -0.001345 0.002352 -0.023533 -0.000967 -0.001424 0.999722
1772809895.068232536 0.001866 -0.000970 0.002403 -0.023796 -0.001155 -0.001157 0.999716
1772809895.168205738 0.001906 -0.001464 0.001719 -0.023422 -0.000839 -0.001269 0.999725
1772809895.268162012 0.001439 -0.001308 0.001711 -0.023566 -0.001146 -0.001039 0.999721
1772809895.368306160 0.001182 -0.001314 0.001853 -0.023734 -0.000949 -0.001243 0.999717
1772809895.468257904 0.001036 -0.001231 0.001953 -0.023601 -0.000922 -0.001222 0.999720
1772809895.568223476 0.001215 -0.001142 0.002074 -0.023723 -0.001403 -0.001223 0.999717
1772809895.668237925 0.001788 -0.001361 0.001779 -0.023593 -0.000788 -0.001243 0.999721
1772809895.768263578 0.001778 -0.001265 0.001762 -0.023598 -0.001047 -0.001033 0.999720
1772809895.868307114 0.001631 -0.001741 0.001777 -0.023462 -0.000935 -0.001215 0.999724
1772809895.968172550 0.001454 -0.001761 0.001805 -0.023702 -0.001105 -0.000888 0.999718
1772809896.068394423 0.001047 -0.002131 0.001841 -0.023836 -0.000914 -0.001242 0.999715
1772809896.168263674 0.001039 -0.001781 0.001753 -0.023881 -0.001027 -0.001086 0.999714
1772809896.268148661 0.001173 -0.001453 0.001840 -0.023689 -0.001194 -0.001168 0.999718
1772809896.368013144 0.001159 -0.001546 0.002372 -0.023580 -0.000827 -0.001200 0.999721
1772809896.468061447 0.001229 -0.001618 0.002346 -0.023594 -0.001017 -0.001246 0.999720
1772809896.568078518 0.001562 -0.001539 0.002709 -0.023543 -0.001073 -0.001336 0.999721
1772809896.668094873 0.001364 -0.001167 0.002428 -0.023591 -0.000786 -0.001100 0.999721
1772809896.768044233 0.001406 -0.000948 0.002245 -0.023484 -0.001024 -0.001266 0.999723
1772809896.867972136 0.001196 -0.000826 0.002233 -0.023810 -0.000911 -0.000947 0.999716
1772809896.968046188 0.001042 -0.000789 0.002186 -0.023640 -0.000950 -0.001213 0.999719
1772809897.068088055 0.000708 -0.001000 0.002565 -0.023733 -0.000951 -0.001174 0.999717
1772809897.168224812 0.000964 -0.001190 0.002483 -0.023737 -0.000848 -0.001098 0.999717
1772809897.268575907 0.001815 -0.001412 0.002231 -0.023618 -0.000704 -0.001098 0.999720
1772809897.368361712 0.002015 -0.001258 0.001942 -0.023593 -0.001091 -0.001150 0.999720
1772809897.468569517 0.001886 -0.001288 0.002091 -0.023550 -0.000927 -0.001131 0.999722
1772809897.568438053 0.001268 -0.001532 0.002476 -0.023765 -0.001191 -0.001157 0.999716
1772809897.668455124 0.001501 -0.001922 0.002577 -0.024002 -0.000655 -0.001112 0.999711
1772809897.768526316 0.001358 -0.002151 0.002050 -0.023752 -0.001270 -0.001153 0.999716
1772809897.868342400 0.001489 -0.002219 0.002005 -0.023597 -0.000940 -0.001043 0.999721
1772809897.968291998 0.001893 -0.002116 0.002102 -0.023668 -0.000856 -0.001070 0.999719
1772809898.068342686 0.001769 -0.002408 0.002455 -0.023628 -0.001332 -0.001062 0.999719
1772809898.168553591 0.002091 -0.002712 0.002699 -0.023691 -0.000805 -0.000957 0.999719
1772809898.268684864 0.002159 -0.002860 0.002621 -0.023610 -0.001087 -0.000871 0.999720
1772809898.368511438 0.002441 -0.002800 0.002340 -0.023740 -0.001327 -0.001002 0.999717
1772809898.468518257 0.002253 -0.002527 0.002394 -0.023773 -0.000935 -0.001160 0.999716
1772809898.568526506 0.002175 -0.002195 0.002290 -0.023637 -0.001140 -0.001001 0.999719
1772809898.668743610 0.001968 -0.002238 0.002575 -0.023735 -0.001013 -0.001222 0.999717
