1772809794.665170431 -0.006760 0.011433 -0.008654 -0.023823 -0.001110 -0.001303 0.999715
1772809794.765021563 -0.006737 0.011633 -0.007029 -0.024430 -0.001416 -0.001271 0.999700
1772809794.864853859 -0.006891 0.011455 -0.007237 -0.023583 -0.000728 -0.001367 0.999721
1772809794.964855194 -0.007348 0.011773 -0.006767 -0.023937 -0.001042 -0.001264 0.999712
1772809795.064760685 -0.007226 0.011606 -0.006604 -0.023691 -0.001130 -0.001322 0.999718
1772809795.164844990 -0.007146 0.011977 -0.006793 -0.023836 -0.000892 -0.001258 0.999715
1772809795.264881611 -0.007311 0.011577 -0.006712 -0.023732 -0.001282 -0.001228 0.999717
1772809795.364764690 -0.007378 0.011882 -0.007128 -0.024049 -0.001064 -0.001182 0.999710
1772809795.464886189 -0.007574 0.011959 -0.006847 -0.023783 -0.001383 -0.001215 0.999715
1772809795.565092802 -0.008236 0.011753 -0.006084 -0.023804 -0.000695 -0.001333 0.999716
1772809795.665277481 -0.008456 0.012012 -0.005836 -0.023826 -0.001212 -0.001214 0.999715
1772809795.765269518 -0.008396 0.011955 -0.006069 -0.023767 -0.000732 -0.001368 0.999716
1772809795.865451813 -0.008592 0.012463 -0.006339 -0.023805 -0.000723 -0.001287 0.999716
1772809795.965407610 -0.008293 0.012349 -0.006587 -0.023754 -0.000715 -0.001216 0.999717
1772809796.065528631 -0.008093 0.012297 -0.007544 -0.023856 -0.000954 -0.001257 0.999714
1772809796.165693521 -0.007702 0.012052 -0.007158 -0.024044 -0.001102 -0.001315 0.999709
1772809796.265527248 -0.007894 0.011821 -0.006772 -0.023733 -0.001144 -0.001276 0.999717
1772809796.365564585 -0.007423 0.011746 -0.006645 -0.023985 -0.000997 -0.001205 0.999711
1772809796.465460062 -0.006991 0.011411 -0.006545 -0.023623 -0.000827 -0.001383 0.999720
1772809796.565342188 -0.007404 0.011914 -0.006185 -0.023980 -0.000977 -0.001160 0.999711
1772809796.665383577 -0.007327 0.011950 -0.006533 -0.023556 -0.000980 -0.001277 0.999721
1772809796.765329838 -0.007809 0.011993 -0.006841 -0.023716 -0.001116 -0.001242 0.999717
1772809796.865436554 -0.007633 0.011978 -0.006576 -0.023837 -0.001234 -0.001204 0.999714
1772809796.965347052 -0.007599 0.011773 -0.006727 -0.023939 -0.000939 -0.001369 0.999712
1772809797.065388918 -0.007369 0.011933 -0.006804 -0.023984 -0.001243 -0.001353 0.999711
1772809797.165369987 -0.007530 0.011574 -0.006690 -0.023902 -0.000932 -0.001409 0.999713
1772809797.265341520 -0.007567 0.011951 -0.006543 -0.024011 -0.001122 -0.001258 0.999710
1772809797.365349054 -0.007087 0.011744 -0.006527 -0.023593 -0.001050 -0.001351 0.999720
1772809797.465286255 -0.007142 0.011970 -0.006757 -0.023961 -0.000831 -0.001169 0.999712
1772809797.565193176 -0.006941 0.011567 -0.006674 -0.023797 -0.000932 -0.001132 0.999716
1772809797.665165901 -0.007490 0.011735 -0.006528 -0.023813 -0.001011 -0.001242 0.999715
1772809797.765156746 -0.007459 0.011718 -0.006403 -0.023855 -0.001324 -0.001156 0.999714
1772809797.865144491 -0.007420 0.011783 -0.006882 -0.023930 -0.000849 -0.001454 0.999712
1772809797.965131998 -0.007269 0.011949 -0.006983 -0.023759 -0.001135 -0.001150 0.999716
1772809798.065093517 -0.006974 0.011423 -0.006937 -0.023743 -0.001112 -0.001437 0.999716
1772809798.165081263 -0.006975 0.011442 -0.006744 -0.023686 -0.001165 -0.001341 0.999718
1772809798.265070438 -0.006676 0.011209 -0.006547 -0.023710 -0.001098 -0.001387 0.999717
1772809798.365252495 -0.007483 0.011704 -0.006341 -0.023683 -0.001267 -0.001224 0.999718
1772809798.465100288 -0.007533 0.012137 -0.006462 -0.024082 -0.001112 -0.001262 0.999709
1772809798.565116405 -0.007738 0.012194 -0.006780 -0.024076 -0.001055 -0.001292 0.999709
1772809798.665201426 -0.007889 0.012271 -0.007053 -0.024023 -0.000794 -0.001394 0.999710
1772809798.765307426 -0.007929 0.012065 -0.006765 -0.023838 -0.001049 -0.001241 0.999715
1772809798.865248203 -0.007737 0.011953 -0.006157 -0.024115 -0.001093 -0.001403 0.999708
1772809798.965307474 -0.007080 0.011523 -0.006300 -0.023828 -0.000827 -0.001380 0.999715
1772809799.065280199 -0.007226 0.011915 -0.006647 -0.023625 -0.001280 -0.001121 0.999719
1772809799.165495396 -0.007404 0.011908 -0.006656 -0.023879 -0.001295 -0.001167 0.999713
1772809799.265544653 -0.007595 0.011853 -0.006950 -0.023673 -0.000922 -0.001292 0.999718
1772809799.365548372 -0.007571 0.011971 -0.006893 -0.023883 -0.001367 -0.001244 0.999713
1772809799.465736389 -0.007563 0.011598 -0.006888 -0.023832 -0.001238 -0.001338 0.999714
1772809799.565682411 -0.007470 0.011494 -0.006868 -0.023761 -0.000741 -0.001459 0.999716
1772809799.665658474 -0.007051 0.011210 -0.007067 -0.023646 -0.000958 -0.001389 0.999719
1772809799.765775919 -0.007321 0.011114 -0.007073 -0.023838 -0.000828 -0.001053 0.999715
1772809799.865875006 -0.007278 0.011037 -0.007082 -0.023812 -0.001246 -0.001017 0.999715
1772809799.965778351 -0.007170 0.011248 -0.007634 -0.023915 -0.000926 -0.000989 0.999713
1772809800.065995216 -0.007142 0.011201 -0.007452 -0.023711 -0.001092 -0.001454 0.999717
1772809800.165769815 -0.006958 0.011236 -0.007403 -0.023615 -0.001118 -0.001246 0.999720
1772809800.265782595 -0.006951 0.011275 -0.007236 -0.023834 -0.001200 -0.001266 0.999714
1772809800.365782976 -0.006966 0.011352 -0.006953 -0.023647 -0.001145 -0.001340 0.999719
1772809800.465772629 -0.007248 0.011568 -0.007070 -0.023709 -0.000944 -0.001060 0.999718
1772809800.565813065 -0.007602 0.011314 -0.006754 -0.023687 -0.000877 -0.001238 0.999718
1772809800.665808916 -0.007747 0.011434 -0.006623 -0.023912 -0.001032 -0.001125 0.999713
1772809800.765738964 -0.007404 0.011005 -0.006531 -0.023925 -0.001173 -0.001422 0.999712
1772809800.865743876 -0.007034 0.011047 -0.006781 -0.024138 -0.000896 -0.001231 0.999707
1772809800.965817690 -0.006862 0.011079 -0.006399 -0.023873 -0.001172 -0.001345 0.999713
1772809801.065716743 -0.007104 0.011623 -0.006401 -0.023870 -0.000747 -0.001191 0.999714
1772809801.165918589 -0.007510 0.011880 -0.006455 -0.023604 -0.001002 -0.001041 0.999720
1772809801.266074181 -0.007731 0.011951 -0.006454 -0.023527 -0.000957 -0.001404 0.999722
1772809801.366315126 -0.008090 0.012096 -0.006521 -0.024062 -0.000729 -0.001134 0.999710
1772809801.466402531 -0.008010 0.011701 -0.006287 -0.023891 -0.000984 -0.001239 0.999713
1772809801.566644192 -0.008357 0.011670 -0.005924 -0.023939 -0.001167 -0.001270 0.999712
1772809801.666592836 -0.007870 0.011419 -0.006440 -0.023775 -0.000898 -0.001332 0.999716
1772809801.766564131 -0.008074 0.011303 -0.006302 -0.023895 -0.000937 -0.001382 0.999713
1772809801.866540909 -0.007775 0.011507 -0.006579 -0.023930 -0.001028 -0.001243 0.999712
1772809801.966344833 -0.007710 0.011523 -0.006378 -0.023741 -0.001068 -0.001279 0.999717
1772809802.066216946 -0.007750 0.012054 -0.006597 -0.024110 -0.000893 -0.001278 0.999708
1772809802.165988684 -0.007573 0.012102 -0.006670 -0.023762 -0.001048 -0.001437 0.999716
1772809802.265887499 -0.007768 0.012408 -0.006514 -0.024006 -0.000817 -0.001229 0.999711
1772809802.365897894 -0.007425 0.012213 -0.006742 -0.024188 -0.000776 -0.001250 0.999706
1772809802.465791702 -0.007523 0.012180 -0.006953 -0.023436 -0.001244 -0.001174 0.999724
1772809802.565790176 -0.007362 0.011779 -0.006988 -0.023764 -0.001234 -0.001239 0.999716
1772809802.665885687 -0.007250 0.011725 -0.006710 -0.023725 -0.000736 -0.001243 0.999717
1772809802.765788317 -0.007494 0.011919 -0.006780 -0.023850 -0.000899 -0.001108 0.999715
1772809802.865979910 -0.007639 0.011837 -0.006834 -0.023448 -0.000895 -0.001212 0.999724
1772809802.965991259 -0.007721 0.012367 -0.007240 -0.023818 -0.001341 -0.001224 0.999715
1772809803.066007853 -0.008070 0.012274 -0.007150 -0.023816 -0.001130 -0.001407 0.999715
1772809803.165901661 -0.008076 0.012314 -0.007322 -0.023791 -0.001039 -0.001408 0.999715
1772809803.265835524 -0.007559 0.012082 -0.006785 -0.023935 -0.000796 -0.001372 0.999712
1772809803.365875721 -0.007448 0.011987 -0.006239 -0.023934 -0.000938 -0.001380 0.999712
1772809803.465866566 -0.007479 0.012006 -0.006011 -0.023500 -0.001018 -0.001107 0.999723
1772809803.565808058 -0.007104 0.011896 -0.005915 -0.023701 -0.000706 -0.001396 0.999718
1772809803.665857792 -0.006932 0.012048 -0.006654 -0.023878 -0.000986 -0.001145 0.999714
1772809803.765935183 -0.006906 0.011484 -0.006715 -0.023706 -0.000841 -0.001234 0.999718
1772809803.865890741 -0.007120 0.011371 -0.006486 -0.023847 -0.000940 -0.001197 0.999714
1772809803.965781212 -0.006967 0.011178 -0.006323 -0.023911 -0.001185 -0.001223 0.999713
1772809804.065653801 -0.007247 0.011417 -0.006308 -0.023875 -0.000960 -0.001427 0.999713
1772809804.165681362 -0.007169 0.011622 -0.006417 -0.023750 -0.000805 -0.001165 0.999717
1772809804.265640974 -0.006783 0.011430 -0.006437 -0.023942 -0.000815 -0.001205 0.999712
1772809804.365676641 -0.006756 0.011430 -0.006508 -0.023866 -0.001247 -0.001262 0.999714
1772809804.465778828 -0.006755 0.011217 -0.006316 -0.023901 -0.000850 -0.001335 0.999713
1772809804.565813065 -0.006980 0.011181 -0.006609 -0.024010 -0.001157 -0.001248 0.999710
1772809804.665876627 -0.006645 0.010889 -0.006861 -0.023939 -0.000793 -0.001397 0.999712
1772809804.765981436 -0.006215 0.010966 -0.007010 -0.023887 -0.000929 -0.001228 0.999713
1772809804.865895987 -0.006037 0.010897 -0.007075 -0.023897 -0.001297 -0.001403 0.999713
1772809804.965937614 -0.006023 0.010901 -0.007022 -0.023641 -0.001103 -0.001165 0.999719
1772809805.065934181 -0.006550 0.011065 -0.006701 -0.023891 -0.000897 -0.001219 0.999713
1772809805.165980816 -0.006811 0.011227 -0.006327 -0.023751 -0.001201 -0.001586 0.999716
1772809805.265967607 -0.007335 0.011686 -0.005925 -0.024028 -0.001137 -0.001500 0.999710
1772809805.365977287 -0.007220 0.011581 -0.006506 -0.023666 -0.000996 -0.001467 0.999718
1772809805.465827227 -0.007074 0.012107 -0.006416 -0.023801 -0.000918 -0.001196 0.999716
1772809805.565810680 -0.007041 0.012040 -0.006666 -0.023727 -0.000926 -0.001140 0.999717
1772809805.665917158 -0.007386 0.011964 -0.006847 -0.023877 -0.000617 -0.001345 0.999714
1772809805.765891790 -0.007424 0.012031 -0.006852 -0.024065 -0.000993 -0.001111 0.999709
1772809805.865894318 -0.007185 0.011732 -0.006997 -0.023750 -0.001053 -0.001414 0.999716
1772809805.965923071 -0.007199 0.011914 -0.006537 -0.023996 -0.001122 -0.001212 0.999711
1772809806.066149235 -0.006818 0.011894 -0.006689 -0.023893 -0.000945 -0.001350 0.999713
1772809806.165912390 -0.006618 0.012067 -0.006722 -0.023991 -0.000885 -0.001303 0.999711
1772809806.265929699 -0.006231 0.012062 -0.007014 -0.023993 -0.001179 -0.001448 0.999710
1772809806.365687609 -0.007114 0.012036 -0.007186 -0.023751 -0.001032 -0.001172 0.999717
1772809806.465680122 -0.007946 0.012370 -0.007403 -0.023686 -0.000944 -0.001240 0.999718
1772809806.565502644 -0.007928 0.012310 -0.007488 -0.023834 -0.000773 -0.001239 0.999715
1772809806.665421247 -0.007754 0.012099 -0.007556 -0.023872 -0.001425 -0.001236 0.999713
1772809806.765466928 -0.007536 0.011845 -0.007552 -0.023638 -0.001132 -0.001293 0.999719
1772809806.865561962 -0.007425 0.012102 -0.007391 -0.023948 -0.001026 -0.001173 0.999712
1772809806.965589285 -0.007003 0.011693 -0.007392 -0.023918 -0.001262 -0.001286 0.999712
1772809807.065631628 -0.006930 0.011696 -0.007259 -0.023854 -0.000825 -0.001188 0.999714
1772809807.165735483 -0.006942 0.011837 -0.007301 -0.023677 -0.000994 -0.001182 0.999718
1772809807.265878916 -0.007126 0.011767 -0.007150 -0.023835 -0.000945 -0.001182 0.999715
1772809807.365726233 -0.007293 0.011620 -0.007229 -0.023790 -0.000956 -0.001340 0.999716
1772809807.465788126 -0.007615 0.011524 -0.006920 -0.023799 -0.000783 -0.001210 0.999716
1772809807.565706491 -0.007656 0.011469 -0.006861 -0.023916 -0.001086 -0.001193 0.999713
1772809807.665737629 -0.007081 0.011474 -0.006991 -0.023827 -0.000943 -0.001199 0.999715
1772809807.765715837 -0.006995 0.011592 -0.007065 -0.023772 -0.001276 -0.001155 0.999716
1772809807.865720272 -0.007215 0.011408 -0.007305 -0.023537 -0.001218 -0.001169 0.999722
1772809807.965944052 -0.007245 0.011581 -0.007220 -0.023973 -0.000771 -0.001114 0.999712
1772809808.065925360 -0.007550 0.011561 -0.006895 -0.023756 -0.001050 -0.001317 0.999716
1772809808.166282892 -0.007829 0.011630 -0.006833 -0.023846 -0.001266 -0.001117 0.999714
1772809808.266201496 -0.007637 0.011633 -0.006705 -0.023886 -0.000911 -0.001220 0.999714
1772809808.366513014 -0.007441 0.011496 -0.006583 -0.023971 -0.001455 -0.001274 0.999711
1772809808.466521502 -0.007463 0.011912 -0.006201 -0.023806 -0.001110 -0.001274 0.999715
1772809808.566501379 -0.007506 0.011796 -0.006437 -0.023619 -0.000858 -0.001339 0.999720
1772809808.666377544 -0.007901 0.011968 -0.006606 -0.023828 -0.000746 -0.001225 0.999715
1772809808.766337872 -0.007808 0.012052 -0.006691 -0.023716 -0.001432 -0.001316 0.999717
1772809808.866263866 -0.007519 0.012129 -0.007180 -0.023755 -0.001197 -0.001173 0.999716
1772809808.966256142 -0.007621 0.012062 -0.007322 -0.024147 -0.001199 -0.001394 0.999707
1772809809.066235304 -0.007617 0.012139 -0.007349 -0.023877 -0.000901 -0.001354 0.999714
1772809809.166107893 -0.007818 0.012047 -0.006955 -0.023971 -0.000881 -0.001448 0.999711
1772809809.266179323 -0.007473 0.011903 -0.006821 -0.023746 -0.000847 -0.001437 0.999717
1772809809.366075039 -0.007662 0.011906 -0.006713 -0.023972 -0.001066 -0.001241 0.999711
1772809809.466052771 -0.007413 0.011735 -0.006856 -0.023746 -0.001005 -0.001225 0.999717
1772809809.566125631 -0.007748 0.011844 -0.007183 -0.023911 -0.001242 -0.001202 0.999713
1772809809.666121006 -0.007813 0.011691 -0.007192 -0.023798 -0.000815 -0.001273 0.999716
1772809809.766143799 -0.008112 0.011574 -0.006600 -0.023818 -0.000932 -0.001317 0.999715
1772809809.866096497 -0.007910 0.012083 -0.006437 -0.023876 -0.001133 -0.001196 0.999714
1772809809.966148615 -0.007521 0.011747 -0.006670 -0.024021 -0.000642 -0.001419 0.999710
1772809810.066225529 -0.007405 0.011582 -0.007462 -0.023818 -0.000916 -0.001260 0.999715
1772809810.166254997 -0.007592 0.011471 -0.007141 -0.023740 -0.000885 -0.001346 0.999717
1772809810.266120911 -0.008134 0.011510 -0.007096 -0.024017 -0.001277 -0.001246 0.999710
1772809810.366104126 -0.008236 0.011414 -0.006881 -0.023903 -0.000920 -0.001297 0.999713
1772809810.466082335 -0.007773 0.011438 -0.006571 -0.023834 -0.001093 -0.001321 0.999714
1772809810.565831184 -0.007239 0.011455 -0.006123 -0.023718 -0.001335 -0.001288 0.999717
1772809810.665673494 -0.006580 0.011171 -0.006184 -0.023886 -0.000699 -0.001332 0.999714
1772809810.765655994 -0.006483 0.011284 -0.006165 -0.023884 -0.000957 -0.001163 0.999714
1772809810.865516424 -0.006437 0.010982 -0.006158 -0.023768 -0.000945 -0.001157 0.999716
1772809810.965593815 -0.007037 0.011100 -0.006539 -0.023683 -0.001112 -0.001047 0.999718
1772809811.065497160 -0.007017 0.010766 -0.006985 -0.023633 -0.000926 -0.001124 0.999720
1772809811.165674448 -0.007144 0.010955 -0.007226 -0.024073 -0.000911 -0.001208 0.999709
1772809811.266013145 -0.006990 0.011253 -0.006709 -0.023742 -0.000908 -0.001287 0.999717
1772809811.366261721 -0.006755 0.010968 -0.006364 -0.023941 -0.000729 -0.001321 0.999712
1772809811.466601610 -0.006686 0.011112 -0.006249 -0.024093 -0.001269 -0.001429 0.999708
1772809811.566653728 -0.006361 0.011072 -0.006460 -0.023662 -0.001130 -0.001410 0.999718
1772809811.666671753 -0.006924 0.011186 -0.006576 -0.023826 -0.001272 -0.001218 0.999715
1772809811.766765594 -0.007086 0.011482 -0.006336 -0.023773 -0.001058 -0.001315 0.999716
1772809811.866620064 -0.007705 0.011338 -0.006620 -0.023995 -0.001271 -0.001356 0.999710
1772809811.966421366 -0.007703 0.011628 -0.006548 -0.024036 -0.000892 -0.001420 0.999710
1772809812.066167593 -0.007458 0.011712 -0.006537 -0.024022 -0.001098 -0.001252 0.999710
1772809812.165863991 -0.006889 0.011429 -0.006915 -0.023558 -0.001202 -0.001300 0.999721
1772809812.265835047 -0.005653 0.010697 -0.007016 -0.023789 -0.000769 -0.001349 0.999716
1772809812.365580320 -0.004691 0.010242 -0.007460 -0.023712 -0.001551 -0.001095 0.999717
1772809812.465554953 -0.003979 0.009543 -0.007350 -0.024029 -0.001140 -0.001206 0.999710
1772809812.565510035 -0.004047 0.009676 -0.007477 -0.023424 -0.001521 -0.001262 0.999724
1772809812.665604115 -0.003726 0.009658 -0.007066 -0.023959 -0.001161 -0.000996 0.999712
1772809812.765630245 -0.003565 0.009647 -0.006195 -0.023707 -0.001521 -0.001226 0.999717
1772809812.865588903 -0.003349 0.009689 -0.006209 -0.023896 -0.000683 -0.001017 0.999714
1772809812.965743303 -0.003504 0.009626 -0.006014 -0.023725 -0.001265 -0.001105 0.999717
1772809813.065858364 -0.003871 0.010120 -0.006269 -0.023930 -0.001000 -0.000946 0.999713
1772809813.165982008 -0.004174 0.009971 -0.006535 -0.024069 -0.001082 -0.001354 0.999709
1772809813.266024828 -0.004810 0.010139 -0.006796 -0.024099 -0.000835 -0.001061 0.999709
1772809813.366212845 -0.004984 0.010091 -0.006884 -0.023969 -0.001219 -0.001200 0.999711
1772809813.466230154 -0.005064 0.010217 -0.006442 -0.024113 -0.001042 -0.001307 0.999708
1772809813.566093206 -0.005113 0.010081 -0.006220 -0.023946 -0.001264 -0.001386 0.999711
1772809813.666193247 -0.005031 0.010106 -0.005937 -0.023930 -0.001241 -0.001221 0.999712
1772809813.766322613 -0.005369 0.010240 -0.006314 -0.023839 -0.001278 -0.001163 0.999714
1772809813.866394758 -0.005024 0.010115 -0.006829 -0.024015 -0.001044 -0.001215 0.999710
1772809813.966266632 -0.004852 0.010371 -0.007187 -0.023972 -0.000969 -0.001161 0.999711
1772809814.066402197 -0.004410 0.010271 -0.007160 -0.023884 -0.000948 -0.001381 0.999713
1772809814.166574478 -0.004484 0.009702 -0.007439 -0.023959 -0.000810 -0.001347 0.999712
1772809814.266724586 -0.004356 0.009669 -0.007525 -0.024068 -0.001178 -0.001350 0.999709
1772809814.366879940 -0.004417 0.009663 -0.007006 -0.023813 -0.001318 -0.001250 0.999715
1772809814.467097044 -0.004298 0.010057 -0.006932 -0.023772 -0.001198 -0.001424 0.999716
1772809814.567191839 -0.003988 0.010011 -0.007090 -0.023770 -0.000597 -0.001462 0.999716
1772809814.666947126 -0.004349 0.009852 -0.007397 -0.023802 -0.001233 -0.001247 0.999715
1772809814.766805410 -0.004564 0.010055 -0.007236 -0.023762 -0.001014 -0.001246 0.999716
1772809814.866712570 -0.005186 0.010444 -0.007330 -0.024047 -0.000950 -0.001278 0.999710
1772809814.966563463 -0.005465 0.010684 -0.007196 -0.023843 -0.000877 -0.001172 0.999715
1772809815.066592932 -0.005819 0.010758 -0.006822 -0.023944 -0.001026 -0.001126 0.999712
1772809815.166791916 -0.005970 0.010717 -0.007040 -0.023910 -0.000919 -0.001232 0.999713
1772809815.266963720 -0.005886 0.010780 -0.007366 -0.023658 -0.001030 -0.001314 0.999719
1772809815.367155552 -0.006300 0.010738 -0.007923 -0.023770 -0.001142 -0.001271 0.999716
1772809815.467134714 -0.006291 0.010877 -0.007028 -0.024209 -0.001272 -0.001395 0.999705
1772809815.567061424 -0.006519 0.011158 -0.006365 -0.023966 -0.001074 -0.001214 0.999711
1772809815.667053699 -0.005894 0.010816 -0.006705 -0.023857 -0.000706 -0.001411 0.999714
1772809815.766835928 -0.005494 0.010778 -0.006881 -0.023794 -0.001281 -0.001410 0.999715
1772809815.866450310 -0.005324 0.010665 -0.006760 -0.023928 -0.001044 -0.001354 0.999712
1772809815.966128349 -0.005152 0.010886 -0.006840 -0.023892 -0.000461 -0.001265 0.999714
1772809816.065787792 -0.004874 0.010749 -0.007184 -0.023981 -0.001121 -0.001195 0.999711
1772809816.165699959 -0.004470 0.010055 -0.007395 -0.023676 -0.001318 -0.001016 0.999718
1772809816.265548706 -0.004668 0.010015 -0.006980 -0.023752 -0.001567 -0.001187 0.999716
1772809816.365526199 -0.004535 0.009401 -0.006754 -0.023730 -0.001104 -0.001229 0.999717
1772809816.465601921 -0.004347 0.009486 -0.006867 -0.023978 -0.000730 -0.001167 0.999712
1772809816.565721512 -0.003465 0.009187 -0.007272 -0.023671 -0.000997 -0.001286 0.999718
1772809816.665840626 -0.003540 0.009436 -0.006745 -0.023586 -0.001186 -0.001102 0.999720
1772809816.765936852 -0.003422 0.009569 -0.006931 -0.024056 -0.001253 -0.001036 0.999709
1772809816.865950584 -0.003538 0.009601 -0.007451 -0.023861 -0.000643 -0.001339 0.999714
1772809816.966156721 -0.004090 0.010101 -0.007923 -0.024134 -0.001271 -0.001018 0.999707
1772809817.066198587 -0.004060 0.009982 -0.008109 -0.023958 -0.000855 -0.001356 0.999712
1772809817.166147232 -0.004192 0.010105 -0.007597 -0.023943 -0.001383 -0.001419 0.999711
1772809817.266034365 -0.004070 0.009953 -0.006663 -0.024042 -0.000937 -0.001345 0.999710
1772809817.366266251 -0.004418 0.010515 -0.006198 -0.023778 -0.000987 -0.001298 0.999716
1772809817.466142178 -0.004345 0.010279 -0.006587 -0.023951 -0.000987 -0.001193 0.999712
1772809817.566197634 -0.004448 0.010255 -0.007306 -0.023871 -0.001304 -0.001322 0.999713
1772809817.666157007 -0.004812 0.010649 -0.008024 -0.023707 -0.001191 -0.001313 0.999717
1772809817.766081810 -0.004596 0.010689 -0.008251 -0.023718 -0.001024 -0.001314 0.999717
1772809817.865931273 -0.004822 0.010805 -0.007380 -0.024122 -0.001139 -0.001273 0.999708
1772809817.965896368 -0.004162 0.010039 -0.007124 -0.024015 -0.001152 -0.001459 0.999710
1772809818.065775394 -0.004340 0.009846 -0.006854 -0.023951 -0.001488 -0.001219 0.999711
1772809818.165825605 -0.003733 0.009362 -0.007043 -0.023805 -0.001144 -0.001273 0.999715
1772809818.265802622 -0.003827 0.009090 -0.007122 -0.024031 -0.000868 -0.001103 0.999710
1772809818.365928173 -0.004451 0.009311 -0.007010 -0.023842 -0.001497 -0.001139 0.999714
1772809818.465851545 -0.004768 0.009500 -0.006933 -0.024030 -0.001077 -0.001352 0.999710
1772809818.565859318 -0.005159 0.009797 -0.006608 -0.024169 -0.000768 -0.001235 0.999707
1772809818.666031361 -0.004519 0.009707 -0.007363 -0.024093 -0.000996 -0.001333 0.999708
1772809818.766216040 -0.004405 0.010184 -0.007368 -0.023961 -0.001138 -0.001341 0.999711
1772809818.866378307 -0.003997 0.009718 -0.007823 -0.023699 -0.001130 -0.001290 0.999718
1772809818.966377497 -0.003895 0.009858 -0.008306 -0.023950 -0.001029 -0.001241 0.999712
1772809819.066359758 -0.004135 0.010071 -0.007935 -0.023948 -0.001269 -0.001372 0.999711
1772809819.166244030 -0.004380 0.010088 -0.007751 -0.023919 -0.001000 -0.001303 0.999713
1772809819.266303062 -0.004757 0.010057 -0.007496 -0.024134 -0.001338 -0.001153 0.999707
1772809819.365883827 -0.004375 0.010078 -0.007666 -0.023812 -0.001146 -0.001251 0.999715
1772809819.465847015 -0.004982 0.010332 -0.006921 -0.023702 -0.001290 -0.001500 0.999717
1772809819.565811634 -0.004844 0.010570 -0.007269 -0.023805 -0.001079 -0.001446 0.999715
1772809819.665886879 -0.005289 0.010978 -0.006858 -0.023738 -0.001317 -0.001258 0.999717
1772809819.766342163 -0.005493 0.010543 -0.007228 -0.024016 -0.000789 -0.001324 0.999710
1772809819.866364479 -0.005040 0.010190 -0.007935 -0.023711 -0.000830 -0.001231 0.999718
1772809819.966612816 -0.004786 0.009936 -0.007795 -0.023769 -0.001141 -0.001295 0.999716
1772809820.066748619 -0.004375 0.009558 -0.007457 -0.023980 -0.001027 -0.001258 0.999711
1772809820.166732550 -0.004307 0.009700 -0.007022 -0.024058 -0.001106 -0.001136 0.999709
1772809820.266818523 -0.004266 0.009003 -0.006673 -0.023945 -0.000742 -0.001092 0.999712
1772809820.366806030 -0.004750 0.009251 -0.007057 -0.024000 -0.000983 -0.001054 0.999711
1772809820.466820717 -0.004982 0.009325 -0.007411 -0.023983 -0.001104 -0.001263 0.999711
1772809820.566872120 -0.005467 0.009724 -0.007857 -0.024028 -0.001145 -0.001133 0.999710
1772809820.666817665 -0.006111 0.010078 -0.007248 -0.023824 -0.001191 -0.001183 0.999715
1772809820.767308235 -0.006348 0.010279 -0.006536 -0.023675 -0.000932 -0.001395 0.999718
1772809820.866644859 -0.006214 0.010490 -0.006371 -0.023766 -0.000977 -0.001215 0.999716
1772809820.966541767 -0.006046 0.010497 -0.006512 -0.023960 -0.000991 -0.001373 0.999711
1772809821.066391706 -0.005872 0.011084 -0.007195 -0.023856 -0.001203 -0.001184 0.999714
1772809821.166354895 -0.005694 0.010464 -0.007180 -0.023682 -0.001235 -0.001399 0.999718
1772809821.266232014 -0.005342 0.010305 -0.007449 -0.023850 -0.001108 -0.001244 0.999714
1772809821.366196871 -0.005546 0.010196 -0.007206 -0.024135 -0.001109 -0.001338 0.999707
1772809821.466197491 -0.005547 0.010750 -0.006838 -0.023798 -0.001170 -0.001214 0.999715
1772809821.566175699 -0.005517 0.010507 -0.006582 -0.024147 -0.000920 -0.001209 0.999707
1772809821.666250706 -0.005549 0.010249 -0.006074 -0.023891 -0.000562 -0.001350 0.999714
1772809821.766298532 -0.005266 0.010449 -0.006266 -0.023779 -0.001063 -0.001290 0.999716
1772809821.866234064 -0.005508 0.009977 -0.006031 -0.023998 -0.001075 -0.001318 0.999711
1772809821.966273785 -0.005904 0.010043 -0.006112 -0.024003 -0.001152 -0.001105 0.999711
1772809822.066336393 -0.005556 0.009800 -0.006566 -0.024130 -0.000875 -0.001286 0.999708
1772809822.166290760 -0.004892 0.010116 -0.006889 -0.023921 -0.001203 -0.001426 0.999712
1772809822.266274929 -0.004252 0.010119 -0.006929 -0.024023 -0.001127 -0.001329 0.999710
1772809822.366289377 -0.004182 0.009983 -0.006659 -0.023666 -0.001243 -0.001258 0.999718
1772809822.466341972 -0.004055 0.009844 -0.007015 -0.024055 -0.001199 -0.001268 0.999709
1772809822.566327572 -0.004554 0.009378 -0.006944 -0.023825 -0.001457 -0.001242 0.999714
1772809822.666324139 -0.004855 0.009653 -0.006951 -0.024344 -0.000741 -0.001306 0.999703
1772809822.766327143 -0.004535 0.009730 -0.007257 -0.024034 -0.000861 -0.001466 0.999710
1772809822.866463661 -0.004196 0.009820 -0.007101 -0.024043 -0.001041 -0.001437 0.999709
1772809822.966948986 -0.003798 0.009401 -0.007063 -0.023913 -0.000632 -0.001393 0.999713
1772809823.066740751 -0.004156 0.009241 -0.006517 -0.023816 -0.001055 -0.000964 0.999715
1772809823.166644096 -0.004441 0.009320 -0.006546 -0.024254 -0.000689 -0.001084 0.999705
1772809823.267001867 -0.004878 0.009327 -0.007050 -0.023782 -0.001309 -0.001299 0.999715
1772809823.366818666 -0.005403 0.009935 -0.007704 -0.024264 -0.000931 -0.001191 0.999704
1772809823.466710329 -0.005402 0.009956 -0.007527 -0.023780 -0.001000 -0.001327 0.999716
1772809823.566566467 -0.005425 0.010403 -0.006970 -0.023965 -0.001529 -0.001307 0.999711
1772809823.666507244 -0.005333 0.010264 -0.006728 -0.024317 -0.000716 -0.001340 0.999703
1772809823.766307354 -0.005738 0.010291 -0.006583 -0.023845 -0.000942 -0.001299 0.999714
1772809823.866340160 -0.005404 0.010262 -0.006907 -0.023962 -0.000818 -0.001323 0.999712
1772809823.966325760 -0.005320 0.010270 -0.006763 -0.023918 -0.000987 -0.001313 0.999713
1772809824.066451788 -0.005370 0.010364 -0.007410 -0.023956 -0.001237 -0.001051 0.999712
1772809824.166469574 -0.005574 0.010389 -0.007377 -0.024185 -0.000847 -0.001452 0.999706
1772809824.266526699 -0.005677 0.010502 -0.007900 -0.024174 -0.000987 -0.001317 0.999706
1772809824.366499186 -0.005234 0.010724 -0.007778 -0.023745 -0.000957 -0.001417 0.999717
1772809824.466733932 -0.005336 0.010969 -0.007540 -0.023801 -0.000991 -0.001380 0.999715
1772809824.566667557 -0.004947 0.010653 -0.007710 -0.023892 -0.001195 -0.001361 0.999713
1772809824.666623831 -0.004291 0.010504 -0.007406 -0.023787 -0.001251 -0.001155 0.999716
1772809824.766530752 -0.004298 0.010526 -0.007735 -0.023479 -0.000791 -0.001165 0.999723
1772809824.866313457 -0.004610 0.010594 -0.007300 -0.023839 -0.000772 -0.001239 0.999715
1772809824.966190577 -0.004833 0.010792 -0.006926 -0.023875 -0.001420 -0.001283 0.999713
1772809825.066008091 -0.004544 0.010652 -0.007030 -0.024100 -0.000805 -0.001298 0.999708
1772809825.165956259 -0.004255 0.010881 -0.007297 -0.024021 -0.001140 -0.001412 0.999710
1772809825.266173363 -0.004016 0.010741 -0.007264 -0.024164 -0.001243 -0.001426 0.999706
1772809825.366134167 -0.004284 0.010477 -0.006487 -0.023500 -0.000800 -0.001366 0.999723
1772809825.466069460 -0.004003 0.010313 -0.006499 -0.023994 -0.001233 -0.001448 0.999710
1772809825.566239357 -0.003865 0.010078 -0.005978 -0.023827 -0.000894 -0.001368 0.999715
1772809825.666117907 -0.003876 0.010085 -0.006197 -0.024067 -0.001288 -0.001247 0.999709
1772809825.766232014 -0.004132 0.009875 -0.006708 -0.023781 -0.000803 -0.001383 0.999716
1772809825.866200447 -0.004440 0.010246 -0.007045 -0.024152 -0.001332 -0.001237 0.999707
1772809825.966172695 -0.004906 0.010600 -0.006898 -0.023918 -0.001018 -0.001301 0.999713
1772809826.066162825 -0.005385 0.011042 -0.006356 -0.024066 -0.000878 -0.001336 0.999709
1772809826.166073084 -0.005652 0.011327 -0.006455 -0.023928 -0.000813 -0.001486 0.999712
1772809826.266057253 -0.005816 0.011489 -0.006353 -0.023600 -0.000975 -0.001137 0.999720
1772809826.365838528 -0.005904 0.011319 -0.006943 -0.023931 -0.000702 -0.001233 0.999713
1772809826.465774298 -0.005853 0.010965 -0.006948 -0.023815 -0.000785 -0.001377 0.999715
1772809826.565778017 -0.005574 0.010847 -0.007622 -0.024289 -0.001243 -0.001369 0.999703
1772809826.665824652 -0.005288 0.010631 -0.007546 -0.023913 -0.001046 -0.001285 0.999713
1772809826.765813828 -0.005347 0.010628 -0.007143 -0.023865 -0.001185 -0.001161 0.999714
1772809826.865990877 -0.005271 0.010829 -0.007030 -0.023932 -0.001077 -0.001338 0.999712
1772809826.966075897 -0.005245 0.010632 -0.006578 -0.023789 -0.001169 -0.001299 0.999715
1772809827.066052198 -0.004810 0.010577 -0.006682 -0.023725 -0.001301 -0.001143 0.999717
1772809827.166072845 -0.004736 0.010576 -0.006607 -0.023921 -0.000740 -0.001319 0.999713
1772809827.266025782 -0.004839 0.010708 -0.007171 -0.023637 -0.001526 -0.001327 0.999719
1772809827.366033077 -0.004831 0.010619 -0.007462 -0.023951 -0.001185 -0.001313 0.999712
1772809827.466000319 -0.004592 0.010880 -0.007318 -0.023938 -0.000957 -0.001455 0.999712
1772809827.565980911 -0.003923 0.010621 -0.007107 -0.023752 -0.001536 -0.001371 0.999716
1772809827.665906668 -0.004196 0.010169 -0.006021 -0.023927 -0.001008 -0.001421 0.999712
1772809827.766022921 -0.003999 0.009495 -0.005946 -0.023954 -0.000968 -0.001114 0.999712
1772809827.866021156 -0.003322 0.008907 -0.006623 -0.023916 -0.000876 -0.001312 0.999713
1772809827.966136932 -0.002400 0.008576 -0.007540 -0.024069 -0.001280 -0.001286 0.999709
1772809828.066204548 -0.002666 0.008549 -0.007424 -0.023968 -0.000692 -0.001219 0.999712
1772809828.166264772 -0.003413 0.009513 -0.007080 -0.023971 -0.001223 -0.001153 0.999711
1772809828.266569853 -0.003994 0.009820 -0.007256 -0.024100 -0.001226 -0.001146 0.999708
1772809828.366543531 -0.004511 0.010289 -0.006836 -0.024012 -0.001048 -0.001137 0.999710
1772809828.466714621 -0.004571 0.010622 -0.006961 -0.023902 -0.000977 -0.001166 0.999713
1772809828.566755533 -0.004755 0.011033 -0.006783 -0.023710 -0.000961 -0.001283 0.999718
1772809828.666853666 -0.005083 0.011292 -0.006994 -0.023988 -0.000907 -0.001168 0.999711
1772809828.766837358 -0.005682 0.011371 -0.007295 -0.023859 -0.000720 -0.001261 0.999714
1772809828.866559744 -0.006167 0.011470 -0.007134 -0.023850 -0.001083 -0.001286 0.999714
1772809828.966511250 -0.005387 0.011345 -0.007128 -0.023996 -0.001066 -0.001452 0.999710
1772809829.066263914 -0.005367 0.011642 -0.006538 -0.023771 -0.001109 -0.001297 0.999716
1772809829.166078329 -0.005373 0.011268 -0.006605 -0.023705 -0.001016 -0.001489 0.999717
1772809829.266033888 -0.005751 0.011627 -0.005866 -0.024099 -0.000952 -0.001363 0.999708
1772809829.365956068 -0.006018 0.011518 -0.006134 -0.023912 -0.000905 -0.001360 0.999713
1772809829.465731382 -0.006213 0.011169 -0.007066 -0.024089 -0.000978 -0.001599 0.999708
1772809829.565732956 -0.005893 0.011398 -0.007401 -0.023802 -0.001553 -0.001494 0.999714
1772809829.665654421 -0.005349 0.010838 -0.007701 -0.023733 -0.001332 -0.001107 0.999717
1772809829.765622377 -0.005021 0.010887 -0.007608 -0.023736 -0.001212 -0.001321 0.999717
1772809829.865777731 -0.004662 0.010449 -0.006922 -0.023732 -0.001115 -0.001322 0.999717
1772809829.966025352 -0.004978 0.010556 -0.006047 -0.023949 -0.000745 -0.001232 0.999712
1772809830.066157103 -0.005075 0.010228 -0.006428 -0.023775 -0.000870 -0.001173 0.999716
1772809830.166521549 -0.004820 0.010047 -0.007602 -0.023783 -0.001100 -0.001264 0.999716
1772809830.266602516 -0.004980 0.010324 -0.008224 -0.023809 -0.001485 -0.001236 0.999715
1772809830.366681099 -0.004877 0.010360 -0.008155 -0.023917 -0.000530 -0.001202 0.999713
1772809830.466515303 -0.005269 0.010824 -0.007552 -0.023944 -0.001503 -0.001291 0.999711
1772809830.566457510 -0.005488 0.010584 -0.007164 -0.023580 -0.000794 -0.001347 0.999721
1772809830.666351557 -0.006157 0.010864 -0.006461 -0.023820 -0.000950 -0.001232 0.999715
1772809830.766293764 -0.005859 0.010636 -0.006158 -0.024012 -0.001266 -0.001336 0.999710
1772809830.866211414 -0.005157 0.010391 -0.006381 -0.023991 -0.000860 -0.001070 0.999711
1772809830.966190338 -0.004069 0.010126 -0.006665 -0.024006 -0.001173 -0.001255 0.999710
1772809831.066282749 -0.003437 0.009598 -0.007238 -0.024021 -0.001239 -0.001387 0.999710
1772809831.166184902 -0.003996 0.010056 -0.007143 -0.023856 -0.001577 -0.001452 0.999713
1772809831.266209126 -0.004066 0.009750 -0.006689 -0.024022 -0.000854 -0.001408 0.999710
1772809831.366196156 -0.004535 0.009938 -0.006183 -0.024149 -0.001117 -0.001187 0.999707
1772809831.466249704 -0.004625 0.009684 -0.006509 -0.023863 -0.001143 -0.001084 0.999714
1772809831.566311836 -0.004930 0.009898 -0.006991 -0.023872 -0.001087 -0.001269 0.999714
1772809831.666450739 -0.005012 0.010226 -0.007112 -0.023980 -0.001240 -0.001103 0.999711
1772809831.766611576 -0.005274 0.010163 -0.007385 -0.023726 -0.001068 -0.001343 0.999717
1772809831.866809368 -0.005215 0.010774 -0.007561 -0.023910 -0.001158 -0.001409 0.999712
1772809831.966774464 -0.004489 0.010487 -0.007424 -0.023806 -0.001253 -0.001467 0.999715
1772809832.066728592 -0.004810 0.010657 -0.007060 -0.024060 -0.000576 -0.001400 0.999709
1772809832.166601896 -0.004841 0.010764 -0.007144 -0.023679 -0.001103 -0.001305 0.999718
1772809832.266328573 -0.005216 0.011064 -0.007821 -0.023806 -0.001420 -0.001175 0.999715
1772809832.366203547 -0.005820 0.011049 -0.007338 -0.023812 -0.001055 -0.001327 0.999715
1772809832.466105938 -0.006409 0.010952 -0.006960 -0.024162 -0.000729 -0.001290 0.999707
1772809832.565957785 -0.006567 0.011131 -0.007092 -0.024134 -0.000996 -0.001209 0.999708
1772809832.665860176 -0.006161 0.011039 -0.006610 -0.023705 -0.001107 -0.001291 0.999718
1772809832.765848875 -0.006404 0.011071 -0.006546 -0.024074 -0.001148 -0.001316 0.999709
1772809832.865873337 -0.006401 0.011065 -0.006944 -0.023806 -0.000871 -0.001221 0.999715
1772809832.966079950 -0.006892 0.011376 -0.006962 -0.023953 -0.001062 -0.001238 0.999712
1772809833.066358805 -0.006593 0.010932 -0.006814 -0.023789 -0.000970 -0.001443 0.999715
1772809833.166391134 -0.005954 0.010689 -0.006785 -0.023990 -0.001359 -0.001274 0.999710
1772809833.266606092 -0.005512 0.010267 -0.007014 -0.023759 -0.001207 -0.001381 0.999716
1772809833.366765499 -0.004812 0.010221 -0.007415 -0.024163 -0.001039 -0.001315 0.999707
1772809833.466812849 -0.005261 0.009952 -0.006974 -0.024040 -0.001101 -0.001320 0.999710
1772809833.566697598 -0.005240 0.009883 -0.006649 -0.023595 -0.001138 -0.001320 0.999720
1772809833.666672468 -0.004886 0.009873 -0.006927 -0.023978 -0.001131 -0.001298 0.999711
1772809833.766560793 -0.004755 0.009364 -0.006798 -0.023845 -0.000864 -0.001368 0.999714
1772809833.866600513 -0.004312 0.009414 -0.006880 -0.024116 -0.000777 -0.001577 0.999708
1772809833.966650724 -0.004511 0.009965 -0.006627 -0.023690 -0.001016 -0.001372 0.999718
1772809834.066553593 -0.004703 0.010167 -0.006377 -0.023790 -0.000797 -0.001282 0.999716
1772809834.166713715 -0.004692 0.010148 -0.006659 -0.023831 -0.000851 -0.001159 0.999715
1772809834.266717196 -0.004691 0.010033 -0.006541 -0.023724 -0.001100 -0.001342 0.999717
1772809834.366923094 -0.004765 0.010009 -0.006935 -0.024076 -0.001023 -0.001178 0.999709
1772809834.466608047 -0.004712 0.009402 -0.006961 -0.023783 -0.001344 -0.001500 0.999715
1772809834.566645384 -0.004604 0.009521 -0.006555 -0.023690 -0.001252 -0.001198 0.999718
1772809834.666638613 -0.004501 0.009665 -0.006291 -0.023892 -0.000779 -0.001420 0.999713
1772809834.766605616 -0.004847 0.009717 -0.005575 -0.023722 -0.001003 -0.001240 0.999717
1772809834.866607904 -0.004147 0.009542 -0.005824 -0.023858 -0.001260 -0.001097 0.999714
1772809834.966454744 -0.003607 0.009560 -0.005878 -0.023647 -0.000425 -0.001144 0.999720
1772809835.066568136 -0.003108 0.009313 -0.006517 -0.023652 -0.000639 -0.001133 0.999719
1772809835.166526318 -0.003692 0.008916 -0.006231 -0.023584 -0.000729 -0.001113 0.999721
1772809835.266407728 -0.004295 0.009272 -0.006210 -0.023703 -0.001035 -0.000881 0.999718
1772809835.366451025 -0.004436 0.009509 -0.006468 -0.023736 -0.000840 -0.001038 0.999717
1772809835.466252565 -0.004594 0.009942 -0.006726 -0.023859 -0.001088 -0.001148 0.999714
1772809835.565979242 -0.002395 0.008393 -0.006589 -0.023714 -0.000540 -0.000806 0.999718
1772809835.666045904 -0.002415 0.008279 -0.006078 -0.023548 -0.000599 -0.000808 0.999722
1772809835.765832424 -0.002387 0.008025 -0.005868 -0.023599 -0.001066 -0.000825 0.999721
1772809835.865621567 -0.002830 0.008290 -0.005833 -0.023509 -0.000742 -0.001027 0.999723
1772809835.965641737 -0.003221 0.009000 -0.005765 -0.023698 -0.000872 -0.000717 0.999719
1772809836.065646410 -0.003330 0.008962 -0.005837 -0.023678 -0.001060 -0.001142 0.999718
1772809836.165585279 -0.003268 0.008983 -0.006166 -0.023777 -0.000882 -0.001038 0.999716
1772809836.265686750 -0.002652 0.008792 -0.006078 -0.023449 -0.000855 -0.000961 0.999724
1772809836.365694046 -0.002580 0.008987 -0.005815 -0.023457 -0.000890 -0.000877 0.999724
1772809836.465834379 -0.002699 0.008731 -0.006070 -0.023602 -0.000856 -0.000856 0.999721
1772809836.565926552 -0.002986 0.009134 -0.006302 -0.023540 -0.000883 -0.000666 0.999722
1772809836.665999889 -0.003015 0.009363 -0.006550 -0.023507 -0.000945 -0.000814 0.999723
1772809836.765777588 -0.002497 0.009093 -0.006294 -0.023736 -0.000997 -0.001056 0.999717
1772809836.865820169 -0.002333 0.009220 -0.006464 -0.023632 -0.001016 -0.000890 0.999720
1772809836.965904713 -0.002302 0.009204 -0.006395 -0.023481 -0.001010 -0.000874 0.999723
1772809837.065870523 -0.002690 0.009499 -0.005649 -0.023653 -0.000889 -0.000917 0.999719
1772809837.165871382 -0.002731 0.009188 -0.005869 -0.023625 -0.000888 -0.000878 0.999720
1772809837.265902042 -0.003019 0.009441 -0.006700 -0.023831 -0.000337 -0.001008 0.999715
1772809837.366036654 -0.002794 0.009785 -0.006942 -0.023708 -0.000813 -0.000911 0.999718
1772809837.466239929 -0.002300 0.009320 -0.006411 -0.023524 -0.000737 -0.000840 0.999723
1772809837.566379309 -0.002579 0.009534 -0.005992 -0.023671 -0.001016 -0.000782 0.999719
1772809837.666460276 -0.002742 0.009221 -0.006150 -0.023563 -0.001101 -0.001046 0.999721
1772809837.766549826 -0.003094 0.009380 -0.006298 -0.023795 -0.001264 -0.000833 0.999716
1772809837.866461277 -0.003444 0.008950 -0.005915 -0.023833 -0.000946 -0.000796 0.999715
1772809837.966388464 -0.004060 0.009007 -0.005612 -0.023839 -0.000979 -0.001003 0.999715
1772809838.066301823 -0.003538 0.009228 -0.005282 -0.023644 -0.001096 -0.000830 0.999719
1772809838.166253090 -0.003565 0.008785 -0.005428 -0.023687 -0.000384 -0.001014 0.999719
1772809838.266056538 -0.003654 0.009259 -0.005341 -0.023651 -0.000483 -0.000781 0.999720
1772809838.365984440 -0.003452 0.009456 -0.005224 -0.023414 -0.000775 -0.000883 0.999725
1772809838.465877533 -0.003378 0.009839 -0.006036 -0.023587 -0.000994 -0.000797 0.999721
1772809838.566119909 -0.003121 0.009288 -0.006012 -0.023651 -0.000915 -0.000932 0.999719
1772809838.666034460 -0.003103 0.009662 -0.005998 -0.023573 -0.000760 -0.000911 0.999721
1772809838.766179085 -0.002761 0.009364 -0.006000 -0.023665 -0.000534 -0.001030 0.999719
1772809838.866304159 -0.003122 0.008859 -0.006165 -0.023547 -0.001221 -0.000794 0.999722
1772809838.966315985 -0.003324 0.009034 -0.006157 -0.023651 -0.001185 -0.000864 0.999719
1772809839.066470385 -0.002846 0.009047 -0.005380 -0.023430 -0.000323 -0.000910 0.999725
1772809839.166308165 -0.002939 0.009554 -0.006027 -0.023783 -0.000280 -0.000862 0.999717
1772809839.266350508 -0.002659 0.009481 -0.006038 -0.023556 -0.000753 -0.000897 0.999722
1772809839.366332054 -0.002809 0.009524 -0.006809 -0.023520 -0.001237 -0.000885 0.999722
1772809839.466316223 -0.002822 0.009398 -0.006617 -0.023924 -0.001040 -0.000927 0.999713
1772809839.566321373 -0.003496 0.009325 -0.005695 -0.023533 -0.000751 -0.000872 0.999722
1772809839.666310549 -0.003532 0.009541 -0.005395 -0.023641 -0.000699 -0.000608 0.999720
1772809839.766373873 -0.003473 0.009429 -0.005398 -0.023499 -0.001043 -0.000973 0.999723
1772809839.866281033 -0.003036 0.009304 -0.006134 -0.023779 -0.000529 -0.000871 0.999717
1772809839.966176033 -0.003061 0.008933 -0.005777 -0.023453 -0.000879 -0.001075 0.999724
1772809840.065971851 -0.003097 0.009091 -0.005675 -0.023875 -0.000667 -0.000875 0.999714
1772809840.165879488 -0.002428 0.008927 -0.005982 -0.023605 -0.000923 -0.001077 0.999720
1772809840.265813351 -0.002935 0.008907 -0.005730 -0.023620 -0.000779 -0.000954 0.999720
1772809840.365959406 -0.003242 0.008905 -0.005753 -0.023474 -0.001007 -0.000849 0.999724
1772809840.465964794 -0.003215 0.009038 -0.005680 -0.023669 -0.000875 -0.000955 0.999719
1772809840.566000700 -0.003431 0.008835 -0.005523 -0.023723 -0.001071 -0.000648 0.999718
1772809840.666012526 -0.003236 0.008521 -0.005974 -0.023785 -0.000956 -0.000923 0.999716
1772809840.766046524 -0.003488 0.009013 -0.006123 -0.023653 -0.001028 -0.000705 0.999719
1772809840.866186619 -0.003033 0.008831 -0.006097 -0.023376 -0.000866 -0.001165 0.999726
1772809840.966495275 -0.003208 0.008905 -0.005785 -0.023770 -0.000960 -0.000728 0.999717
1772809841.066699266 -0.003431 0.008887 -0.005838 -0.023827 -0.000901 -0.000831 0.999715
1772809841.166795969 -0.003071 0.009288 -0.005977 -0.023713 -0.000585 -0.000920 0.999718
1772809841.267143250 -0.002603 0.009239 -0.005938 -0.023915 -0.000968 -0.000823 0.999713
1772809841.367259264 -0.002305 0.009359 -0.006436 -0.023517 -0.001238 -0.000870 0.999722
1772809841.467207432 -0.002486 0.009597 -0.005515 -0.023515 -0.000687 -0.000971 0.999723
1772809841.567263126 -0.002349 0.009490 -0.005690 -0.023595 -0.000310 -0.001152 0.999721
1772809841.667247295 -0.003056 0.009398 -0.006232 -0.023735 -0.000676 -0.000836 0.999718
1772809841.766947031 -0.003392 0.009074 -0.006249 -0.023808 -0.000800 -0.000759 0.999716
1772809841.866562605 -0.003163 0.009036 -0.006572 -0.023852 -0.000715 -0.000899 0.999715
1772809841.966387033 -0.003104 0.009152 -0.006664 -0.023562 -0.000779 -0.000828 0.999722
1772809842.066377163 -0.002946 0.009307 -0.006624 -0.023413 -0.001182 -0.000875 0.999725
1772809842.166380405 -0.003249 0.009618 -0.005905 -0.023802 -0.001072 -0.000695 0.999716
1772809842.266215563 -0.002879 0.009450 -0.005868 -0.023383 -0.001007 -0.000909 0.999726
1772809842.366309881 -0.002734 0.009038 -0.006463 -0.023817 -0.001089 -0.000599 0.999716
1772809842.466303587 -0.003071 0.008733 -0.006130 -0.023891 -0.000740 -0.000745 0.999714
1772809842.566404343 -0.002715 0.008425 -0.006229 -0.023720 -0.000994 -0.000853 0.999718
1772809842.666557789 -0.002832 0.008401 -0.005749 -0.023667 -0.000817 -0.000764 0.999719
1772809842.766808271 -0.002679 0.008525 -0.005351 -0.023683 -0.000810 -0.000789 0.999719
1772809842.866869688 -0.002655 0.008201 -0.005318 -0.023850 -0.000935 -0.000799 0.999715
1772809842.966882944 -0.002777 0.008174 -0.005095 -0.023578 -0.000857 -0.000678 0.999721
1772809843.066841364 -0.002860 0.008122 -0.005014 -0.023751 -0.000440 -0.000649 0.999718
1772809843.166756153 -0.002272 0.008089 -0.005382 -0.023422 -0.000824 -0.000648 0.999725
1772809843.266616583 -0.002198 0.008713 -0.006016 -0.023707 -0.000975 -0.000757 0.999718
1772809843.366465330 -0.002838 0.008977 -0.006121 -0.023674 -0.000958 -0.000888 0.999719
1772809843.466124058 -0.003308 0.008978 -0.005634 -0.023704 -0.000893 -0.000848 0.999718
1772809843.565991640 -0.003436 0.009198 -0.005341 -0.023616 -0.000645 -0.000920 0.999720
1772809843.665860415 -0.003378 0.009219 -0.005240 -0.023610 -0.000909 -0.000876 0.999720
1772809843.765854120 -0.003382 0.009390 -0.005809 -0.023604 -0.000916 -0.000547 0.999721
1772809843.865753651 -0.003145 0.009284 -0.005988 -0.023597 -0.000874 -0.000857 0.999721
1772809843.965795994 -0.003210 0.008955 -0.006050 -0.023888 -0.000827 -0.000933 0.999714
1772809844.065816402 -0.002987 0.009025 -0.005905 -0.023417 -0.000972 -0.000744 0.999725
1772809844.166087866 -0.002845 0.009211 -0.005762 -0.023489 -0.001040 -0.000832 0.999723
1772809844.266240597 -0.003126 0.008965 -0.005733 -0.023753 -0.000337 -0.000912 0.999717
1772809844.366641045 -0.003086 0.009363 -0.006016 -0.023338 -0.000905 -0.000815 0.999727
1772809844.467053652 -0.003063 0.009399 -0.005983 -0.023571 -0.000675 -0.000750 0.999722
1772809844.567147017 -0.003205 0.009263 -0.006142 -0.023437 -0.000792 -0.001025 0.999724
1772809844.667391062 -0.002989 0.009421 -0.006684 -0.023699 -0.000864 -0.000819 0.999718
1772809844.767240047 -0.002548 0.008752 -0.007006 -0.023544 -0.000874 -0.000796 0.999722
1772809844.867049694 -0.002665 0.008523 -0.007251 -0.023290 -0.001066 -0.000786 0.999728
1772809844.966979742 -0.002292 0.008375 -0.007218 -0.023572 -0.000880 -0.000894 0.999721
1772809845.066680193 -0.002601 0.008714 -0.006865 -0.023565 -0.000668 -0.000598 0.999722
1772809845.166465998 -0.003152 0.008671 -0.006692 -0.023588 -0.001125 -0.000749 0.999721
1772809845.266237020 -0.002995 0.009097 -0.006636 -0.023717 -0.000560 -0.000903 0.999718
1772809845.366229057 -0.003083 0.009643 -0.006395 -0.023824 -0.000728 -0.000711 0.999716
1772809845.466237068 -0.002854 0.009725 -0.006692 -0.023678 -0.000801 -0.000771 0.999719
1772809845.566444159 -0.003011 0.009968 -0.006597 -0.023429 -0.000746 -0.000639 0.999725
1772809845.666659355 -0.002869 0.009810 -0.006738 -0.023663 -0.000980 -0.000906 0.999719
1772809845.766962528 -0.003072 0.010177 -0.006534 -0.023307 -0.000886 -0.000946 0.999728
1772809845.867503643 -0.003208 0.010435 -0.006576 -0.023422 -0.001313 -0.000875 0.999724
1772809845.967646122 -0.003202 0.010494 -0.006637 -0.023185 -0.000762 -0.000839 0.999731
1772809846.067619801 -0.002936 0.010437 -0.006481 -0.023621 -0.001488 -0.000907 0.999719
1772809846.167669773 -0.001916 0.010029 -0.006340 -0.023459 -0.000933 -0.000571 0.999724
1772809846.267426252 -0.001318 0.010124 -0.006142 -0.023835 -0.000894 -0.000482 0.999715
1772809846.367207527 -0.000648 0.009224 -0.006716 -0.023306 -0.001156 -0.000192 0.999728
1772809846.467020273 -0.000773 0.008997 -0.006802 -0.023493 -0.000725 -0.000428 0.999724
1772809846.566738844 -0.001096 0.008762 -0.006639 -0.023554 -0.001276 -0.000371 0.999722
1772809846.666567564 -0.001724 0.008176 -0.006825 -0.023606 -0.001158 -0.000417 0.999721
1772809846.766391039 -0.001647 0.008356 -0.006671 -0.023536 -0.001269 -0.000366 0.999722
1772809846.866373301 -0.001533 0.008644 -0.006545 -0.023549 -0.001385 -0.000602 0.999722
1772809846.966442347 -0.001518 0.009330 -0.006328 -0.023818 -0.000753 -0.000632 0.999716
1772809847.066587210 -0.001375 0.008780 -0.006497 -0.023483 -0.000954 -0.000677 0.999724
1772809847.166887760 -0.001824 0.009032 -0.007027 -0.023434 -0.000904 -0.000684 0.999725
1772809847.266880751 -0.001984 0.009224 -0.006657 -0.023534 -0.000891 -0.000520 0.999722
1772809847.366999388 -0.001728 0.009051 -0.007013 -0.023697 -0.000869 -0.000594 0.999719
1772809847.467123985 -0.001756 0.009055 -0.006836 -0.023808 -0.000955 -0.000589 0.999716
1772809847.567038059 -0.001749 0.008579 -0.006677 -0.023376 -0.001120 -0.000583 0.999726
1772809847.667011023 -0.002174 0.008520 -0.006328 -0.023494 -0.000818 -0.000507 0.999724
1772809847.766964912 -0.001856 0.008311 -0.005869 -0.023539 -0.000959 -0.000445 0.999722
1772809847.866938353 -0.001910 0.008360 -0.006369 -0.023308 -0.000709 -0.000401 0.999728
1772809847.966967344 -0.001604 0.008187 -0.006338 -0.023432 -0.001384 -0.000429 0.999724
1772809848.067119360 -0.001444 0.007773 -0.006792 -0.023410 -0.000828 -0.000519 0.999725
1772809848.167123079 -0.001652 0.007956 -0.006805 -0.023617 -0.000923 -0.000593 0.999720
1772809848.267137289 -0.001466 0.007713 -0.006699 -0.023405 -0.001144 -0.000404 0.999725
1772809848.367224693 -0.001865 0.007789 -0.006294 -0.023627 -0.000835 -0.000519 0.999720
1772809848.467195034 -0.002015 0.007756 -0.005628 -0.023610 -0.000846 -0.000495 0.999721
1772809848.567064524 -0.002050 0.007762 -0.005536 -0.023433 -0.000640 -0.000300 0.999725
1772809848.667029619 -0.002052 0.007669 -0.005554 -0.023546 -0.001033 -0.000451 0.999722
1772809848.766847849 -0.002354 0.007698 -0.005719 -0.023926 -0.000586 -0.000459 0.999713
1772809848.866521835 -0.002224 0.007978 -0.005973 -0.023675 -0.001034 -0.000474 0.999719
1772809848.966491938 -0.001726 0.008167 -0.006288 -0.023632 -0.001033 -0.000408 0.999720
1772809849.066450596 -0.001583 0.008588 -0.006381 -0.023700 -0.001053 -0.000642 0.999718
1772809849.166418791 -0.001328 0.008480 -0.006074 -0.023529 -0.000741 -0.000496 0.999723
1772809849.266260624 -0.002182 0.008875 -0.005871 -0.023517 -0.001201 -0.000514 0.999723
1772809849.366444111 -0.002512 0.008664 -0.005584 -0.023513 -0.001042 -0.000489 0.999723
1772809849.466317177 -0.002770 0.008700 -0.005603 -0.023729 -0.000514 -0.000471 0.999718
1772809849.566553593 -0.002515 0.008893 -0.005804 -0.023685 -0.000791 -0.000576 0.999719
1772809849.666704416 -0.002603 0.008876 -0.006155 -0.023692 -0.001019 -0.000470 0.999719
1772809849.766785383 -0.002482 0.008826 -0.006133 -0.023844 -0.000735 -0.000678 0.999715
1772809849.866919994 -0.002303 0.009059 -0.005978 -0.023394 -0.001178 -0.000645 0.999725
1772809849.966869354 -0.001947 0.009475 -0.006075 -0.023550 -0.001133 -0.000688 0.999722
1772809850.067005873 -0.000932 0.009274 -0.006206 -0.023491 -0.000742 -0.000380 0.999724
1772809850.166947842 -0.000870 0.009139 -0.006409 -0.023705 -0.000952 -0.000479 0.999718
1772809850.266891479 -0.001313 0.009070 -0.006391 -0.023662 -0.000982 -0.000363 0.999719
1772809850.366811752 -0.001215 0.009098 -0.006653 -0.023526 -0.000802 -0.000526 0.999723
1772809850.466772795 -0.001336 0.009086 -0.006090 -0.023451 -0.000973 -0.000556 0.999724
1772809850.566681147 -0.001571 0.009070 -0.005454 -0.023545 -0.000553 -0.000660 0.999722
1772809850.666669607 -0.001728 0.009387 -0.005461 -0.023743 -0.000703 -0.000489 0.999718
1772809850.766690254 -0.001711 0.009560 -0.005527 -0.023435 -0.000453 -0.000376 0.999725
1772809850.866700172 -0.001530 0.009409 -0.005868 -0.023655 -0.001517 -0.000304 0.999719
1772809850.966763973 -0.001648 0.009092 -0.006234 -0.023488 -0.001325 -0.000499 0.999723
1772809851.066890001 -0.001435 0.009090 -0.007001 -0.023866 -0.001177 -0.000653 0.999714
1772809851.167048931 -0.001365 0.008961 -0.006481 -0.023375 -0.001239 -0.000573 0.999726
1772809851.267137527 -0.001586 0.009268 -0.006078 -0.023541 -0.000690 -0.000526 0.999723
1772809851.367141485 -0.001721 0.009271 -0.006112 -0.023701 -0.000451 -0.000742 0.999719
1772809851.467376232 -0.001723 0.008903 -0.005978 -0.023640 -0.000694 -0.000541 0.999720
1772809851.567207575 -0.001747 0.008670 -0.006263 -0.023600 -0.000716 -0.000438 0.999721
1772809851.667148352 -0.001861 0.008639 -0.006014 -0.023669 -0.001001 -0.000573 0.999719
1772809851.766977549 -0.002035 0.008763 -0.006063 -0.023642 -0.001044 -0.000397 0.999720
1772809851.866811275 -0.001587 0.008628 -0.006120 -0.023849 -0.001561 -0.000527 0.999714
1772809851.966715574 -0.001444 0.009002 -0.006211 -0.023749 -0.000782 -0.000559 0.999718
1772809852.066547155 -0.001160 0.009027 -0.006253 -0.023508 -0.000862 -0.000617 0.999723
1772809852.166535378 -0.001532 0.009109 -0.005638 -0.023608 -0.000541 -0.000707 0.999721
1772809852.266371727 -0.001719 0.008928 -0.005461 -0.023578 -0.000898 -0.000471 0.999721
1772809852.366446972 -0.001962 0.008874 -0.005671 -0.023535 -0.000449 -0.000448 0.999723
1772809852.466463327 -0.001761 0.008656 -0.005962 -0.023921 -0.000936 -0.000140 0.999713
1772809852.566611290 -0.001478 0.008264 -0.005979 -0.023682 -0.001036 -0.000681 0.999719
1772809852.666840553 -0.001663 0.008769 -0.006314 -0.023711 -0.001053 -0.000516 0.999718
1772809852.766807079 -0.001594 0.009055 -0.006232 -0.023845 -0.001307 -0.000348 0.999715
1772809852.866787434 -0.002180 0.009520 -0.005723 -0.023559 -0.001226 -0.000647 0.999721
1772809852.966845274 -0.002223 0.009209 -0.005397 -0.023816 -0.000707 -0.000829 0.999716
1772809853.066831589 -0.002111 0.009195 -0.005316 -0.023582 -0.000961 -0.000940 0.999721
1772809853.166840553 -0.001597 0.009722 -0.005736 -0.023437 -0.001170 -0.000602 0.999724
1772809853.266819239 -0.001081 0.009861 -0.005437 -0.023578 -0.001097 -0.000674 0.999721
1772809853.367026806 -0.001520 0.010259 -0.005486 -0.023599 -0.000615 -0.000554 0.999721
1772809853.466886759 -0.000728 0.010044 -0.005814 -0.023568 -0.000842 -0.000558 0.999722
1772809853.566640139 -0.000814 0.010426 -0.005877 -0.023735 -0.000677 -0.000547 0.999718
1772809853.666575909 -0.000579 0.010533 -0.006093 -0.023622 -0.000973 -0.000543 0.999720
1772809853.766521454 -0.000165 0.010338 -0.005992 -0.023717 -0.000766 -0.000551 0.999718
1772809853.866307259 -0.000284 0.009807 -0.006146 -0.023572 -0.000602 -0.000415 0.999722
1772809853.966265440 -0.000601 0.009450 -0.006074 -0.023520 -0.000997 -0.000437 0.999723
1772809854.066149235 -0.000607 0.009509 -0.006254 -0.023876 -0.001135 -0.000405 0.999714
1772809854.166075468 -0.000968 0.009084 -0.005960 -0.023497 -0.001130 -0.000679 0.999723
1772809854.266149521 -0.001264 0.009237 -0.005430 -0.023590 -0.000949 -0.000388 0.999721
1772809854.366182804 -0.000815 0.008998 -0.005566 -0.023803 -0.001137 -0.000711 0.999716
1772809854.466211081 -0.000642 0.009555 -0.005371 -0.023766 -0.001151 -0.000526 0.999717
1772809854.566418409 -0.000392 0.009883 -0.005470 -0.023818 -0.000886 -0.000597 0.999716
1772809854.666536570 -0.000513 0.010066 -0.005878 -0.023693 -0.000874 -0.000442 0.999719
1772809854.766869545 -0.000813 0.009965 -0.006081 -0.023811 -0.001111 -0.000349 0.999716
1772809854.867106915 -0.000796 0.009051 -0.006276 -0.023546 -0.000819 -0.000558 0.999722
1772809854.967255831 -0.000989 0.009189 -0.006153 -0.023627 -0.001321 -0.000540 0.999720
1772809855.067326069 -0.000990 0.009189 -0.006227 -0.023700 -0.000896 -0.000611 0.999719
1772809855.167434454 -0.001322 0.009454 -0.006015 -0.023494 -0.000886 -0.000495 0.999723
1772809855.267246008 -0.001505 0.009268 -0.006131 -0.023725 -0.000926 -0.000502 0.999718
1772809855.367164373 -0.001167 0.009171 -0.006224 -0.023622 -0.000785 -0.000625 0.999720
1772809855.467101336 -0.001289 0.009363 -0.006677 -0.023726 -0.001204 -0.000537 0.999718
1772809855.567204475 -0.001689 0.009218 -0.006736 -0.023511 -0.001016 -0.000453 0.999723
1772809855.667220354 -0.002047 0.009914 -0.006749 -0.023596 -0.001186 -0.000590 0.999721
1772809855.767327785 -0.001907 0.009814 -0.006767 -0.023495 -0.000745 -0.000719 0.999723
1772809855.867305279 -0.002455 0.009906 -0.006266 -0.023482 -0.000728 -0.000694 0.999724
1772809855.967316151 -0.002423 0.009706 -0.005743 -0.023523 -0.000801 -0.000656 0.999723
1772809856.067202091 -0.002484 0.009885 -0.005935 -0.023601 -0.000904 -0.000540 0.999721
1772809856.167251587 -0.002487 0.009419 -0.006474 -0.023703 -0.000673 -0.000366 0.999719
1772809856.267193079 -0.002513 0.009528 -0.006487 -0.023771 -0.000798 -0.000519 0.999717
1772809856.367030382 -0.002692 0.010244 -0.006636 -0.023524 -0.001109 -0.000612 0.999722
1772809856.467118263 -0.001940 0.010698 -0.006631 -0.023514 -0.001013 -0.000910 0.999723
1772809856.567229509 -0.001790 0.011384 -0.007170 -0.023462 -0.000860 -0.000893 0.999724
1772809856.667299032 -0.001817 0.011314 -0.007087 -0.023415 -0.000942 -0.000877 0.999725
1772809856.767508030 -0.002336 0.011053 -0.006382 -0.023275 -0.000946 -0.000679 0.999728
1772809856.867514372 -0.002136 0.010704 -0.006517 -0.023584 -0.000759 -0.000781 0.999721
1772809856.967412949 -0.002271 0.010264 -0.007066 -0.023547 -0.001008 -0.000557 0.999722
1772809857.067330599 -0.002344 0.010035 -0.007024 -0.023548 -0.001220 -0.000763 0.999722
1772809857.167109966 -0.001996 0.009894 -0.006676 -0.023499 -0.001376 -0.000729 0.999723
1772809857.266972065 -0.002237 0.009779 -0.006097 -0.023625 -0.000999 -0.000554 0.999720
1772809857.366887808 -0.001794 0.009467 -0.006116 -0.023634 -0.000385 -0.000379 0.999721
1772809857.466684103 -0.002285 0.009557 -0.006112 -0.023575 -0.001075 -0.000503 0.999721
1772809857.566642284 -0.002270 0.009281 -0.006667 -0.023700 -0.000923 -0.000633 0.999718
1772809857.666714430 -0.002332 0.009905 -0.007253 -0.023599 -0.000716 -0.000516 0.999721
1772809857.766839743 -0.002271 0.010197 -0.007160 -0.023635 -0.001147 -0.000586 0.999720
1772809857.866858006 -0.001985 0.009699 -0.007053 -0.023610 -0.001177 -0.000633 0.999720
1772809857.967031479 -0.001793 0.009762 -0.006375 -0.023794 -0.001248 -0.000680 0.999716
1772809858.067300558 -0.001638 0.009468 -0.006413 -0.023475 -0.000655 -0.000850 0.999724
1772809858.167406321 -0.001787 0.009432 -0.006380 -0.023581 -0.000963 -0.000683 0.999721
1772809858.267513990 -0.001903 0.008913 -0.006096 -0.023579 -0.001175 -0.000743 0.999721
1772809858.367582560 -0.002084 0.008946 -0.006874 -0.023819 -0.001029 -0.000480 0.999716
1772809858.467489243 -0.002034 0.009116 -0.007070 -0.023710 -0.001289 -0.000606 0.999718
1772809858.567540407 -0.002485 0.008732 -0.006821 -0.023701 -0.000671 -0.000760 0.999719
1772809858.667400837 -0.002776 0.008237 -0.007006 -0.023537 -0.001108 -0.000588 0.999722
1772809858.767155647 -0.002356 0.008033 -0.006741 -0.023465 -0.001027 -0.000811 0.999724
1772809858.867218256 -0.002453 0.007887 -0.006395 -0.023664 -0.000875 -0.000584 0.999719
1772809858.967263937 -0.002474 0.007365 -0.005807 -0.023573 -0.000882 -0.000652 0.999722
1772809859.067256689 -0.002640 0.007735 -0.005516 -0.023780 -0.000836 -0.000388 0.999717
1772809859.167313576 -0.002283 0.008070 -0.005839 -0.023664 -0.000935 -0.000746 0.999719
1772809859.267421007 -0.002029 0.008253 -0.006232 -0.023569 -0.000916 -0.000632 0.999722
1772809859.367493868 -0.001576 0.008316 -0.006495 -0.023657 -0.001496 -0.000459 0.999719
1772809859.467458010 -0.001070 0.008213 -0.006371 -0.023367 -0.001007 -0.000781 0.999726
1772809859.567362785 -0.001135 0.008252 -0.006193 -0.023802 -0.000962 -0.000496 0.999716
1772809859.667299509 -0.001501 0.007998 -0.005866 -0.023614 -0.000895 -0.000612 0.999721
1772809859.767313242 -0.002396 0.008270 -0.006096 -0.023659 -0.000791 -0.000519 0.999720
1772809859.867396832 -0.002229 0.007909 -0.006142 -0.023705 -0.001104 -0.000611 0.999718
1772809859.967548370 -0.002247 0.008073 -0.006707 -0.023880 -0.001200 -0.000690 0.999714
1772809860.067618847 -0.002320 0.007965 -0.006474 -0.023518 -0.000839 -0.000583 0.999723
1772809860.167840481 -0.002185 0.007634 -0.006396 -0.023429 -0.001091 -0.000697 0.999725
1772809860.267645359 -0.002099 0.007613 -0.005926 -0.023635 -0.001088 -0.000712 0.999720
1772809860.367568970 -0.002189 0.007245 -0.005461 -0.023528 -0.001082 -0.000633 0.999722
1772809860.467638969 -0.002699 0.007440 -0.005948 -0.023515 -0.000810 -0.000700 0.999723
1772809860.567435026 -0.002550 0.007660 -0.006300 -0.023667 -0.001267 -0.000405 0.999719
1772809860.667316675 -0.002420 0.007521 -0.006488 -0.023817 -0.000887 -0.000771 0.999716
1772809860.767179966 -0.002165 0.007542 -0.006556 -0.023597 -0.001010 -0.000455 0.999721
1772809860.867095709 -0.002351 0.007734 -0.006648 -0.023535 -0.001116 -0.000420 0.999722
1772809860.967110395 -0.002383 0.007908 -0.006440 -0.023513 -0.000878 -0.000404 0.999723
1772809861.067150593 -0.001894 0.007687 -0.006519 -0.023593 -0.001052 -0.000720 0.999721
1772809861.167101622 -0.002158 0.007725 -0.006503 -0.023508 -0.001025 -0.000580 0.999723
1772809861.267401218 -0.001554 0.007500 -0.006278 -0.023580 -0.001010 -0.000590 0.999721
1772809861.367382050 -0.000901 0.007490 -0.006696 -0.023525 -0.000715 -0.000726 0.999723
1772809861.467530966 -0.001084 0.007447 -0.006196 -0.023734 -0.001057 -0.000631 0.999718
1772809861.567483664 -0.001019 0.007717 -0.006151 -0.023482 -0.001171 -0.000674 0.999723
1772809861.667324066 -0.000786 0.007768 -0.006283 -0.023778 -0.000963 -0.000706 0.999717
1772809861.767275572 -0.000418 0.008205 -0.005963 -0.023343 -0.000590 -0.000545 0.999727
1772809861.867069006 -0.000493 0.008986 -0.006385 -0.023629 -0.000972 -0.000449 0.999720
1772809861.966970682 -0.000360 0.009506 -0.006175 -0.023395 -0.000788 -0.000488 0.999726
1772809862.066826105 -0.000875 0.009617 -0.006251 -0.023700 -0.000870 -0.000511 0.999719
1772809862.166776419 -0.001176 0.009445 -0.005938 -0.023847 -0.000747 -0.000789 0.999715
1772809862.266694307 -0.001314 0.009131 -0.006259 -0.023749 -0.000737 -0.000685 0.999717
1772809862.366803408 -0.000961 0.008960 -0.006586 -0.023774 -0.000960 -0.000525 0.999717
1772809862.466925383 -0.000501 0.009619 -0.006089 -0.023248 -0.001289 -0.000360 0.999729
1772809862.567017317 -0.000295 0.010162 -0.005837 -0.023824 -0.000757 -0.000665 0.999716
1772809862.666974545 -0.000168 0.010604 -0.005520 -0.023443 -0.000848 -0.000506 0.999725
1772809862.767112255 0.000076 0.010892 -0.005732 -0.023704 -0.001219 -0.000493 0.999718
1772809862.867072821 0.000530 0.010898 -0.006090 -0.023837 -0.000780 -0.000667 0.999715
1772809862.967095852 0.000701 0.011097 -0.006143 -0.023788 -0.000931 -0.000633 0.999716
1772809863.067179680 0.001116 0.010934 -0.006341 -0.023734 -0.000870 -0.000686 0.999718
1772809863.167426348 0.000924 0.010703 -0.006001 -0.023428 -0.000861 -0.000522 0.999725
1772809863.267377853 0.000526 0.010183 -0.006063 -0.023752 -0.000810 -0.000424 0.999717
1772809863.367270947 0.000221 0.009873 -0.006088 -0.023601 -0.000782 -0.000551 0.999721
1772809863.467291117 -0.000283 0.009509 -0.006402 -0.023931 -0.001038 -0.000410 0.999713
1772809863.567298412 -0.000752 0.009021 -0.006483 -0.023517 -0.000703 -0.000623 0.999723
1772809863.667437315 -0.001106 0.008750 -0.006149 -0.023627 -0.001146 -0.000729 0.999720
1772809863.767685413 -0.001273 0.008693 -0.006523 -0.023804 -0.001302 -0.000557 0.999716
1772809863.867666960 -0.001318 0.009010 -0.006229 -0.023464 -0.000994 -0.000438 0.999724
1772809863.967841387 -0.001087 0.009199 -0.006034 -0.023453 -0.000857 -0.000666 0.999724
1772809864.067959070 -0.000872 0.009324 -0.005665 -0.023604 -0.000767 -0.000495 0.999721
1772809864.168106556 -0.001012 0.009475 -0.005853 -0.023874 -0.000829 -0.000409 0.999715
1772809864.268072128 -0.001201 0.009291 -0.005969 -0.023935 -0.000526 -0.000472 0.999713
1772809864.368093729 -0.001521 0.009333 -0.005626 -0.023946 -0.000924 -0.000504 0.999713
1772809864.468069553 -0.001312 0.009378 -0.005494 -0.023785 -0.000761 -0.000634 0.999717
1772809864.567902327 -0.001405 0.009569 -0.005368 -0.023698 -0.000450 -0.000591 0.999719
1772809864.667623520 -0.001083 0.009275 -0.005595 -0.023569 -0.000617 -0.000787 0.999722
1772809864.767521381 -0.001006 0.008929 -0.006018 -0.023487 -0.000698 -0.000571 0.999724
1772809864.867392302 -0.001074 0.008742 -0.006243 -0.023573 -0.000977 -0.000246 0.999722
1772809864.967497826 -0.001209 0.008765 -0.005740 -0.023610 -0.000634 -0.000580 0.999721
1772809865.067358732 -0.001109 0.008975 -0.005922 -0.023919 -0.001103 -0.000453 0.999713
1772809865.167341471 -0.000668 0.009027 -0.006023 -0.023469 -0.000780 -0.000715 0.999724
1772809865.267324924 -0.000271 0.009344 -0.005659 -0.023921 -0.000853 -0.000662 0.999713
1772809865.367208004 0.000032 0.009244 -0.005594 -0.023788 -0.000955 -0.000373 0.999716
1772809865.467219591 -0.000050 0.009282 -0.005411 -0.023602 -0.000874 -0.000544 0.999721
1772809865.567097664 -0.000252 0.009218 -0.005354 -0.023604 -0.000854 -0.000603 0.999721
1772809865.667107821 -0.000328 0.009315 -0.005589 -0.023491 -0.000898 -0.000598 0.999723
1772809865.766977072 -0.000684 0.009776 -0.006024 -0.023771 -0.000602 -0.000546 0.999717
1772809865.867094278 -0.000403 0.009899 -0.006374 -0.023588 -0.001078 -0.000565 0.999721
1772809865.967053890 -0.000376 0.010023 -0.006266 -0.023607 -0.001092 -0.000618 0.999721
1772809866.067146063 -0.000059 0.009609 -0.006258 -0.023773 -0.000954 -0.000638 0.999717
1772809866.167131424 -0.000022 0.009791 -0.006724 -0.023423 -0.000830 -0.000439 0.999725
1772809866.267307281 0.000246 0.009733 -0.006936 -0.023382 -0.000905 -0.000526 0.999726
1772809866.367461920 0.000606 0.009599 -0.006686 -0.023718 -0.000846 -0.000442 0.999718
1772809866.467617750 0.000298 0.009195 -0.006584 -0.023861 -0.001362 -0.000272 0.999714
1772809866.567661047 0.000125 0.009107 -0.006555 -0.023661 -0.001096 -0.000519 0.999719
1772809866.667626381 -0.000581 0.009636 -0.005925 -0.023827 -0.000847 -0.000396 0.999716
1772809866.767640114 -0.000287 0.009593 -0.006450 -0.023444 -0.000810 -0.000441 0.999725
1772809866.867545366 -0.000365 0.009683 -0.006434 -0.023464 -0.000884 -0.000467 0.999724
1772809866.967352629 0.000019 0.009533 -0.006463 -0.023596 -0.000944 -0.000319 0.999721
1772809867.067330122 0.000239 0.009388 -0.005993 -0.023712 -0.000882 -0.000376 0.999718
1772809867.167213440 0.000010 0.009130 -0.006026 -0.023809 -0.001221 -0.000436 0.999716
1772809867.267229319 -0.000041 0.008858 -0.006388 -0.023593 -0.001536 -0.000452 0.999720
1772809867.367176056 -0.000465 0.008716 -0.006410 -0.023997 -0.000801 -0.000564 0.999712
1772809867.467301846 -0.000474 0.008098 -0.006614 -0.023522 -0.000837 -0.000535 0.999723
1772809867.567109585 -0.000709 0.008535 -0.006677 -0.023607 -0.000984 -0.000448 0.999721
1772809867.667179823 -0.000682 0.008868 -0.006543 -0.023479 -0.000701 -0.000490 0.999724
1772809867.767155409 -0.000560 0.009477 -0.005844 -0.023540 -0.000539 -0.000733 0.999722
1772809867.867271423 -0.000394 0.009951 -0.005479 -0.023674 -0.000999 -0.000336 0.999719
1772809867.967359543 -0.000348 0.010328 -0.005606 -0.023595 -0.000947 -0.000376 0.999721
1772809868.067453861 -0.000237 0.010499 -0.005452 -0.023760 -0.001064 -0.000559 0.999717
1772809868.167648792 -0.000024 0.010177 -0.005335 -0.023815 -0.000319 -0.000497 0.999716
1772809868.267637253 -0.000095 0.010325 -0.004843 -0.023858 -0.001008 -0.000219 0.999715
1772809868.367438555 -0.000088 0.010263 -0.004817 -0.023752 -0.000453 -0.000415 0.999718
1772809868.467263937 -0.000751 0.010686 -0.004615 -0.023782 -0.000599 -0.000454 0.999717
1772809868.567214251 -0.000573 0.010280 -0.005050 -0.023799 -0.000704 -0.000581 0.999716
1772809868.667155981 -0.000131 0.009796 -0.006066 -0.023635 -0.000980 -0.000419 0.999720
1772809868.767184496 0.000107 0.009506 -0.006338 -0.023695 -0.001202 -0.000230 0.999718
1772809868.867248297 -0.000046 0.009019 -0.006501 -0.023683 -0.000628 -0.000464 0.999719
1772809868.967389584 -0.000408 0.009071 -0.006679 -0.023609 -0.001017 -0.000036 0.999721
1772809869.067635536 -0.000263 0.008773 -0.006485 -0.023616 -0.001220 -0.000384 0.999720
1772809869.167648792 -0.000590 0.008831 -0.006112 -0.023721 -0.000462 -0.000255 0.999718
1772809869.267917633 -0.000731 0.008806 -0.006084 -0.023424 -0.000823 -0.000258 0.999725
1772809869.368052483 -0.001135 0.008663 -0.006059 -0.023682 -0.000910 -0.000562 0.999719
1772809869.468297005 -0.001373 0.008821 -0.006041 -0.023949 -0.000825 -0.000554 0.999713
1772809869.568512678 -0.001464 0.008579 -0.006195 -0.023838 -0.000817 -0.000417 0.999715
1772809869.668461084 -0.001686 0.008576 -0.006213 -0.023726 -0.000830 -0.000369 0.999718
1772809869.768369436 -0.001787 0.008131 -0.006176 -0.023777 -0.000968 -0.000394 0.999717
1772809869.868449450 -0.002075 0.008279 -0.005823 -0.023576 -0.000997 -0.000324 0.999721
1772809869.968508720 -0.001848 0.007954 -0.005787 -0.023467 -0.000457 -0.000529 0.999724
1772809870.068275452 -0.001973 0.007755 -0.006087 -0.023461 -0.001099 -0.000454 0.999724
1772809870.168164015 -0.001790 0.007236 -0.006116 -0.023727 -0.001076 -0.000606 0.999718
1772809870.268202305 -0.001719 0.007050 -0.006081 -0.023808 -0.000661 -0.000365 0.999716
1772809870.368242025 -0.001539 0.007318 -0.006095 -0.023713 -0.000985 -0.000538 0.999718
1772809870.468262911 -0.001546 0.007517 -0.006209 -0.023683 -0.001168 -0.000588 0.999719
1772809870.568185806 -0.001859 0.008155 -0.005790 -0.023727 -0.000943 -0.000500 0.999718
1772809870.668129921 -0.001107 0.008265 -0.005708 -0.023482 -0.000391 -0.000644 0.999724
1772809870.768108845 -0.001084 0.008165 -0.005809 -0.023587 -0.001214 -0.000415 0.999721
1772809870.867874146 -0.000691 0.007897 -0.005850 -0.023693 -0.001071 -0.000512 0.999719
1772809870.967751026 -0.000908 0.008122 -0.006435 -0.023645 -0.001129 -0.000581 0.999720
1772809871.067789555 -0.000987 0.008363 -0.006172 -0.023866 -0.001090 -0.000562 0.999714
1772809871.167874336 -0.001142 0.008404 -0.006164 -0.023781 -0.000442 -0.000627 0.999717
1772809871.267948151 -0.001182 0.008404 -0.006033 -0.023674 -0.000562 -0.000619 0.999719
1772809871.368039370 -0.000439 0.008179 -0.006099 -0.023720 -0.000916 -0.000723 0.999718
1772809871.468067408 -0.000630 0.008559 -0.006373 -0.023735 -0.000816 -0.000665 0.999718
1772809871.568016768 -0.000711 0.008483 -0.006091 -0.023741 -0.001149 -0.000465 0.999717
1772809871.667982578 -0.000964 0.008644 -0.005734 -0.023645 -0.001147 -0.000483 0.999720
1772809871.767612219 -0.000982 0.008462 -0.005555 -0.023699 -0.000835 -0.000663 0.999719
1772809871.867603302 -0.001014 0.008401 -0.005953 -0.023678 -0.000963 -0.000565 0.999719
1772809871.967622757 -0.000836 0.008227 -0.005864 -0.023560 -0.000796 -0.000715 0.999722
1772809872.067662239 -0.000625 0.007946 -0.006090 -0.023495 -0.001147 -0.000439 0.999723
1772809872.167607307 -0.000657 0.007876 -0.006239 -0.023753 -0.001455 -0.000551 0.999717
1772809872.267823696 -0.000991 0.007397 -0.005955 -0.023270 -0.000601 -0.000568 0.999729
1772809872.368064642 -0.001846 0.007383 -0.005593 -0.023637 -0.001020 -0.000447 0.999720
1772809872.468189001 -0.001953 0.007367 -0.005614 -0.023572 -0.000607 -0.000395 0.999722
1772809872.568159580 -0.001995 0.007559 -0.005829 -0.023605 -0.001066 -0.000691 0.999721
1772809872.668384552 -0.001943 0.007637 -0.006070 -0.023876 -0.000873 -0.000466 0.999714
1772809872.768595219 -0.001763 0.007277 -0.005523 -0.023669 -0.001038 -0.000790 0.999719
1772809872.868636131 -0.001757 0.007303 -0.005269 -0.023733 -0.001063 -0.000543 0.999718
1772809872.968822241 -0.001863 0.007434 -0.005317 -0.023647 -0.000610 -0.000473 0.999720
1772809873.068802834 -0.002262 0.007685 -0.005820 -0.023482 -0.000640 -0.000660 0.999724
1772809873.168845654 -0.001824 0.007564 -0.006155 -0.023847 -0.000949 -0.000605 0.999715
1772809873.268546820 -0.001605 0.007391 -0.006655 -0.023676 -0.000968 -0.000703 0.999719
1772809873.368458033 -0.001055 0.007470 -0.006493 -0.023628 -0.001034 -0.000713 0.999720
1772809873.468033075 -0.000897 0.007359 -0.005659 -0.023668 -0.000577 -0.000868 0.999719
1772809873.567801714 -0.000743 0.007745 -0.005847 -0.023776 -0.001043 -0.000679 0.999717
1772809873.667704582 -0.000366 0.007562 -0.005947 -0.023349 -0.000849 -0.000714 0.999727
1772809873.767436743 -0.000632 0.007586 -0.006049 -0.023661 -0.000800 -0.000687 0.999719
1772809873.867362022 -0.000329 0.007007 -0.005917 -0.023493 -0.000761 -0.000881 0.999723
1772809873.967499018 -0.000236 0.007064 -0.006542 -0.023708 -0.000883 -0.000451 0.999718
1772809874.067677975 -0.000090 0.007062 -0.006819 -0.023602 -0.001001 -0.000899 0.999721
1772809874.167798996 0.000104 0.007454 -0.006548 -0.023508 -0.000825 -0.001005 0.999723
1772809874.267781973 0.000120 0.007728 -0.006066 -0.023724 -0.001013 -0.000765 0.999718
1772809874.367899418 0.000335 0.007491 -0.005760 -0.023228 -0.000796 -0.000882 0.999729
1772809874.468013287 0.000311 0.007232 -0.006144 -0.023486 -0.001027 -0.000724 0.999723
1772809874.567905188 0.000319 0.007244 -0.005983 -0.023655 -0.001036 -0.000812 0.999719
1772809874.667884588 -0.000159 0.007635 -0.006324 -0.023430 -0.001180 -0.000669 0.999725
1772809874.767852783 -0.000068 0.007625 -0.006551 -0.023463 -0.001190 -0.000812 0.999724
1772809874.867716789 -0.000116 0.007824 -0.006445 -0.023633 -0.000860 -0.000664 0.999720
1772809874.967710733 -0.000168 0.007798 -0.006407 -0.023642 -0.001075 -0.000733 0.999720
1772809875.067657709 0.000124 0.008132 -0.006324 -0.023516 -0.000999 -0.000807 0.999723
1772809875.167605877 -0.000096 0.008526 -0.006223 -0.023765 -0.000969 -0.000749 0.999717
1772809875.267511129 -0.000617 0.008379 -0.006279 -0.023365 -0.000956 -0.000826 0.999726
1772809875.367502928 -0.001392 0.008328 -0.005930 -0.023495 -0.000876 -0.000612 0.999723
1772809875.467383623 -0.001313 0.008183 -0.006102 -0.023566 -0.001004 -0.000735 0.999722
1772809875.567435503 -0.001224 0.007896 -0.005938 -0.023649 -0.000901 -0.000615 0.999720
1772809875.667790651 -0.001176 0.007245 -0.006037 -0.023383 -0.000767 -0.000682 0.999726
1772809875.767581463 -0.001560 0.006998 -0.005821 -0.023561 -0.001082 -0.000644 0.999722
1772809875.867559195 -0.002140 0.007073 -0.006163 -0.023612 -0.000648 -0.000584 0.999721
1772809875.967613697 -0.002143 0.006979 -0.006068 -0.023427 -0.000713 -0.000551 0.999725
1772809876.067722559 -0.001902 0.007218 -0.006380 -0.023579 -0.000887 -0.000465 0.999721
1772809876.167571306 -0.001943 0.007327 -0.006487 -0.023773 -0.000762 -0.000695 0.999717
1772809876.267552853 -0.002334 0.007621 -0.006059 -0.023803 -0.001377 -0.000627 0.999716
1772809876.367676735 -0.002425 0.007844 -0.005686 -0.023749 -0.000634 -0.000648 0.999718
1772809876.467601299 -0.001856 0.007997 -0.005843 -0.023483 -0.001325 -0.000660 0.999723
1772809876.567759275 -0.001519 0.007745 -0.005990 -0.023648 -0.000553 -0.000728 0.999720
1772809876.667712212 -0.001317 0.007891 -0.005889 -0.023405 -0.000983 -0.000619 0.999725
1772809876.767680168 -0.001658 0.008023 -0.006074 -0.023531 -0.001001 -0.000635 0.999722
1772809876.867586851 -0.001938 0.008291 -0.005892 -0.023623 -0.000901 -0.000613 0.999720
1772809876.967564821 -0.002016 0.008100 -0.005766 -0.023566 -0.000944 -0.000845 0.999721
1772809877.067710400 -0.002444 0.007559 -0.005737 -0.023454 -0.000874 -0.000707 0.999724
1772809877.167621374 -0.002101 0.007768 -0.005866 -0.023385 -0.000977 -0.000527 0.999726
1772809877.267687798 -0.001387 0.008096 -0.006229 -0.023454 -0.001035 -0.000544 0.999724
1772809877.367695332 -0.001391 0.008427 -0.006254 -0.023356 -0.000804 -0.000756 0.999727
1772809877.467643023 -0.001507 0.008255 -0.005685 -0.023633 -0.001024 -0.000424 0.999720
1772809877.567653418 -0.001427 0.008320 -0.006045 -0.023527 -0.000808 -0.000607 0.999723
1772809877.667907715 -0.001740 0.008332 -0.006058 -0.023689 -0.000909 -0.000321 0.999719
1772809877.767863989 -0.001865 0.008034 -0.006373 -0.023642 -0.001204 -0.000603 0.999720
1772809877.867851496 -0.001799 0.008216 -0.006163 -0.023505 -0.001346 -0.000466 0.999723
1772809877.967910051 -0.001594 0.007980 -0.005995 -0.023861 -0.000713 -0.000566 0.999715
1772809878.068029642 -0.001704 0.008293 -0.005588 -0.023322 -0.000906 -0.000558 0.999727
1772809878.168054819 -0.001831 0.007900 -0.005614 -0.023505 -0.000610 -0.000609 0.999723
1772809878.268173456 -0.002042 0.007977 -0.005568 -0.023463 -0.001048 -0.000554 0.999724
1772809878.367840528 -0.002117 0.008007 -0.005700 -0.023720 -0.001487 -0.000380 0.999717
1772809878.467682838 -0.002347 0.007992 -0.005903 -0.023434 -0.001024 -0.000893 0.999724
1772809878.567596197 -0.002210 0.008266 -0.005937 -0.023825 -0.000922 -0.000435 0.999716
1772809878.667558908 -0.001887 0.007998 -0.006656 -0.023619 -0.000929 -0.000816 0.999720
1772809878.767677546 -0.001730 0.008428 -0.006747 -0.023591 -0.001118 -0.000520 0.999721
1772809878.867742538 -0.001694 0.008152 -0.006479 -0.023300 -0.001155 -0.000622 0.999728
1772809878.967886448 -0.001772 0.008210 -0.006287 -0.023585 -0.000749 -0.000580 0.999721
1772809879.068028688 -0.001643 0.008131 -0.006522 -0.023610 -0.000765 -0.000298 0.999721
1772809879.167898417 -0.001706 0.007568 -0.006374 -0.023512 -0.001133 -0.000684 0.999723
1772809879.268049002 -0.001515 0.007880 -0.006214 -0.023777 -0.000940 -0.000413 0.999717
1772809879.367953539 -0.001168 0.007608 -0.006751 -0.023299 -0.001259 -0.000644 0.999728
1772809879.467789888 -0.001071 0.007762 -0.006678 -0.023527 -0.000835 -0.000380 0.999723
1772809879.567675114 -0.000728 0.007578 -0.007256 -0.023346 -0.001125 -0.000393 0.999727
1772809879.667653561 -0.001292 0.007884 -0.006968 -0.023538 -0.001077 -0.000681 0.999722
1772809879.767529249 -0.001733 0.007852 -0.006608 -0.023557 -0.001144 -0.000712 0.999722
1772809879.867491007 -0.001899 0.008060 -0.006762 -0.023521 -0.001054 -0.000932 0.999722
1772809879.967374325 -0.002127 0.008153 -0.006934 -0.023647 -0.001273 -0.000873 0.999719
1772809880.067272186 -0.001912 0.007876 -0.007000 -0.023467 -0.000983 -0.001104 0.999724
1772809880.167369127 -0.001934 0.007993 -0.006633 -0.023515 -0.001146 -0.000844 0.999722
1772809880.267492771 -0.001826 0.007724 -0.006234 -0.023445 -0.000898 -0.000847 0.999724
1772809880.367412567 -0.001996 0.008022 -0.005800 -0.023445 -0.000770 -0.000691 0.999725
1772809880.467454672 -0.001760 0.007853 -0.005966 -0.023530 -0.001135 -0.000812 0.999722
1772809880.567408800 -0.001674 0.007845 -0.006545 -0.023423 -0.001079 -0.000890 0.999725
1772809880.667346478 -0.001270 0.007899 -0.006427 -0.023867 -0.000874 -0.000820 0.999714
1772809880.767297745 -0.000900 0.007647 -0.006738 -0.023479 -0.000978 -0.000782 0.999724
1772809880.867251396 -0.000657 0.008249 -0.006220 -0.023590 -0.001285 -0.000654 0.999721
1772809880.967158318 -0.000309 0.008320 -0.006167 -0.023554 -0.000861 -0.000895 0.999722
1772809881.067208052 -0.000637 0.008590 -0.006282 -0.023431 -0.000943 -0.000852 0.999725
1772809881.167161703 -0.000519 0.008432 -0.006359 -0.023527 -0.000801 -0.000875 0.999722
1772809881.267309189 -0.000974 0.008395 -0.006434 -0.023611 -0.000833 -0.000891 0.999720
1772809881.367322206 -0.001326 0.008581 -0.006237 -0.023545 -0.001198 -0.000770 0.999722
1772809881.467422724 -0.001038 0.008328 -0.006162 -0.023731 -0.000842 -0.000826 0.999718
1772809881.567517519 -0.001216 0.008671 -0.006350 -0.023546 -0.000954 -0.000609 0.999722
1772809881.667382240 -0.001215 0.008311 -0.006677 -0.023562 -0.000985 -0.000959 0.999721
1772809881.767640352 -0.001583 0.008481 -0.006506 -0.023479 -0.000725 -0.000763 0.999724
1772809881.867486000 -0.001539 0.008622 -0.006957 -0.023420 -0.000837 -0.000673 0.999725
1772809881.967527390 -0.001757 0.008752 -0.006965 -0.023551 -0.001119 -0.000640 0.999722
1772809882.067580938 -0.001747 0.009153 -0.006389 -0.023856 -0.001180 -0.000667 0.999714
1772809882.167547703 -0.002185 0.009038 -0.006842 -0.023337 -0.001050 -0.000769 0.999727
1772809882.267400503 -0.002190 0.009283 -0.006555 -0.023733 -0.001235 -0.000839 0.999717
1772809882.367295265 -0.001372 0.008966 -0.006632 -0.023381 -0.000912 -0.000686 0.999726
1772809882.467466116 -0.001394 0.008868 -0.006719 -0.023664 -0.000694 -0.000833 0.999719
1772809882.567549467 -0.001048 0.008793 -0.006721 -0.023399 -0.000774 -0.000648 0.999726
1772809882.667492628 -0.001674 0.008585 -0.006271 -0.023530 -0.000985 -0.000761 0.999722
1772809882.767549038 -0.001884 0.008779 -0.006493 -0.023807 -0.001223 -0.000635 0.999716
1772809882.867580175 -0.001726 0.008671 -0.006719 -0.023406 -0.001026 -0.000398 0.999725
1772809882.967580080 -0.001798 0.008600 -0.006007 -0.023713 -0.001070 -0.000428 0.999718
1772809883.067590475 -0.001143 0.008336 -0.005738 -0.023535 -0.000691 -0.000568 0.999723
1772809883.167673826 -0.001328 0.008433 -0.005777 -0.023446 -0.000853 -0.000458 0.999725
1772809883.267599344 -0.001294 0.008261 -0.006266 -0.023509 -0.000783 -0.000616 0.999723
1772809883.367793322 -0.001814 0.008275 -0.006512 -0.023483 -0.000666 -0.000632 0.999724
1772809883.467803478 -0.001840 0.008444 -0.006692 -0.023777 -0.000943 -0.000658 0.999717
1772809883.567949295 -0.001890 0.008443 -0.007100 -0.023470 -0.001174 -0.000482 0.999724
1772809883.667952776 -0.002280 0.008743 -0.007112 -0.023385 -0.000892 -0.000691 0.999726
1772809883.768048525 -0.002307 0.008346 -0.006447 -0.023618 -0.001093 -0.000682 0.999720
1772809883.868118048 -0.002008 0.008116 -0.006094 -0.023292 -0.001165 -0.000711 0.999728
1772809883.968165398 -0.001298 0.008010 -0.006198 -0.023541 -0.000723 -0.000821 0.999722
1772809884.068291426 -0.001136 0.008151 -0.006628 -0.023525 -0.000876 -0.000830 0.999723
1772809884.168316603 -0.001308 0.008441 -0.007005 -0.023565 -0.000842 -0.000824 0.999722
1772809884.268399715 -0.001514 0.008586 -0.007141 -0.023538 -0.000857 -0.000603 0.999722
1772809884.368322611 -0.001921 0.008726 -0.006856 -0.023853 -0.000969 -0.000742 0.999715
1772809884.468224049 -0.002254 0.008680 -0.006502 -0.023741 -0.001143 -0.000714 0.999717
1772809884.567943096 -0.002231 0.008859 -0.006377 -0.023447 -0.000820 -0.000716 0.999724
1772809884.667815685 -0.001706 0.008524 -0.006704 -0.023595 -0.000978 -0.000678 0.999721
1772809884.767787457 -0.001551 0.008655 -0.006761 -0.023654 -0.000883 -0.000631 0.999720
1772809884.867581129 -0.001700 0.008642 -0.006643 -0.023432 -0.000998 -0.000692 0.999725
1772809884.967486620 -0.001923 0.008787 -0.006887 -0.023535 -0.001129 -0.000607 0.999722
1772809885.067485332 -0.002151 0.008860 -0.006776 -0.023773 -0.000984 -0.000573 0.999717
1772809885.167546511 -0.002096 0.008756 -0.007135 -0.023449 -0.000887 -0.000550 0.999724
1772809885.267583370 -0.001858 0.008799 -0.007074 -0.023622 -0.000859 -0.000487 0.999720
1772809885.367740870 -0.001541 0.008406 -0.006674 -0.023477 -0.000709 -0.000747 0.999724
1772809885.467994928 -0.001297 0.008416 -0.006234 -0.023712 -0.000911 -0.000491 0.999718
1772809885.568113327 -0.001411 0.008173 -0.006315 -0.023370 -0.001350 -0.000624 0.999726
1772809885.668121338 -0.001655 0.007900 -0.006705 -0.023531 -0.000936 -0.000595 0.999722
1772809885.768165350 -0.001752 0.007320 -0.006325 -0.023656 -0.000706 -0.000792 0.999720
1772809885.868187666 -0.001814 0.007358 -0.006467 -0.023643 -0.000869 -0.000711 0.999720
1772809885.968067884 -0.001417 0.007645 -0.006574 -0.023496 -0.001068 -0.000785 0.999723
1772809886.068037271 -0.001138 0.007887 -0.006563 -0.023642 -0.001013 -0.000799 0.999720
1772809886.168005228 -0.001289 0.008290 -0.006681 -0.023827 -0.000862 -0.000577 0.999716
1772809886.267981529 -0.001215 0.008364 -0.006910 -0.023331 -0.001224 -0.000667 0.999727
1772809886.367914438 -0.001288 0.008478 -0.007075 -0.023742 -0.001000 -0.000651 0.999717
1772809886.467903852 -0.001357 0.008463 -0.007006 -0.023546 -0.000824 -0.000701 0.999722
1772809886.568094254 -0.001922 0.008907 -0.006853 -0.023568 -0.000922 -0.000575 0.999722
1772809886.668226004 -0.001915 0.008850 -0.006481 -0.023558 -0.000795 -0.000704 0.999722
1772809886.768132925 -0.002300 0.008774 -0.005940 -0.023571 -0.000882 -0.000883 0.999721
1772809886.868331671 -0.002256 0.008536 -0.005819 -0.023614 -0.001098 -0.000664 0.999720
1772809886.968453646 -0.002217 0.008025 -0.005762 -0.023434 -0.001084 -0.000691 0.999725
1772809887.068496943 -0.002286 0.008229 -0.006116 -0.023662 -0.001220 -0.000567 0.999719
1772809887.168439150 -0.002002 0.008030 -0.006177 -0.023639 -0.000406 -0.000670 0.999720
1772809887.268423319 -0.002031 0.008315 -0.006063 -0.023709 -0.001071 -0.000663 0.999718
1772809887.368222237 -0.001803 0.008277 -0.006310 -0.023767 -0.000901 -0.000598 0.999717
1772809887.468309164 -0.001897 0.008545 -0.006462 -0.023419 -0.001149 -0.000680 0.999725
1772809887.568239689 -0.001707 0.008216 -0.006455 -0.023483 -0.001069 -0.000628 0.999723
1772809887.668373823 -0.001354 0.008077 -0.006603 -0.023353 -0.000905 -0.000582 0.999727
1772809887.768271685 -0.001512 0.008363 -0.006957 -0.023582 -0.000859 -0.000580 0.999721
1772809887.868283272 -0.001780 0.008315 -0.006716 -0.023719 -0.000882 -0.000686 0.999718
1772809887.968383551 -0.002196 0.008492 -0.006876 -0.023812 -0.001121 -0.000602 0.999716
1772809888.068290472 -0.001647 0.008129 -0.006767 -0.023581 -0.000917 -0.000756 0.999721
1772809888.168257475 -0.001423 0.008109 -0.006786 -0.023546 -0.000984 -0.000726 0.999722
1772809888.268277407 -0.001051 0.008405 -0.006844 -0.023433 -0.001067 -0.000621 0.999725
1772809888.368119717 -0.001281 0.008554 -0.006288 -0.023525 -0.000912 -0.000763 0.999723
1772809888.468121052 -0.001690 0.008628 -0.006681 -0.023441 -0.001099 -0.000603 0.999724
1772809888.568289518 -0.001554 0.008501 -0.007206 -0.023444 -0.001093 -0.000624 0.999724
1772809888.668400288 -0.001802 0.008827 -0.007451 -0.023654 -0.000773 -0.000514 0.999720
1772809888.768303871 -0.001720 0.008827 -0.006601 -0.023591 -0.000899 -0.000802 0.999721
1772809888.868310690 -0.001972 0.008898 -0.006707 -0.023653 -0.000964 -0.000697 0.999720
1772809888.968343973 -0.001447 0.008552 -0.006669 -0.023539 -0.001065 -0.000778 0.999722
1772809889.068460464 -0.001756 0.008122 -0.005827 -0.023469 -0.001030 -0.000740 0.999724
1772809889.168498993 -0.001286 0.008018 -0.005878 -0.023639 -0.000900 -0.000596 0.999720
1772809889.268633127 -0.000829 0.007567 -0.006555 -0.023202 -0.001204 -0.000718 0.999730
1772809889.368616343 -0.000911 0.008014 -0.007322 -0.024073 -0.001291 -0.000493 0.999709
1772809889.468671322 -0.001077 0.007704 -0.006577 -0.023546 -0.000798 -0.000860 0.999722
1772809889.568634748 -0.001685 0.007652 -0.005999 -0.023843 -0.000774 -0.000754 0.999715
1772809889.668800354 -0.001475 0.007789 -0.006244 -0.023564 -0.000661 -0.000818 0.999722
1772809889.768836260 -0.001609 0.008078 -0.006419 -0.023563 -0.000929 -0.000620 0.999722
1772809889.868711233 -0.001499 0.008060 -0.006671 -0.023698 -0.001161 -0.000656 0.999718
1772809889.968613386 -0.001472 0.007830 -0.006553 -0.023489 -0.001152 -0.000750 0.999723
1772809890.068539381 -0.002173 0.008189 -0.006761 -0.023658 -0.000785 -0.000570 0.999720
1772809890.168356419 -0.002484 0.008055 -0.006649 -0.023661 -0.001207 -0.000770 0.999719
1772809890.268237829 -0.002396 0.008285 -0.006714 -0.023787 -0.001284 -0.000671 0.999716
1772809890.368169785 -0.001583 0.007832 -0.006585 -0.023581 -0.001035 -0.000710 0.999721
1772809890.468052864 -0.001611 0.008087 -0.006186 -0.023682 -0.000752 -0.000818 0.999719
1772809890.568074942 -0.001454 0.008227 -0.006405 -0.023595 -0.001011 -0.000658 0.999721
1772809890.668248177 -0.002034 0.008694 -0.006329 -0.023638 -0.000984 -0.000839 0.999720
1772809890.768297911 -0.002825 0.009156 -0.006925 -0.023524 -0.000795 -0.000731 0.999723
1772809890.868623018 -0.003181 0.009384 -0.007108 -0.023492 -0.001043 -0.001010 0.999723
1772809890.968712091 -0.003632 0.009912 -0.007139 -0.023504 -0.001096 -0.000851 0.999723
1772809891.068711996 -0.003387 0.010106 -0.007162 -0.023414 -0.001047 -0.000872 0.999725
1772809891.168686867 -0.003339 0.010491 -0.006624 -0.023780 -0.000777 -0.000856 0.999717
1772809891.268761396 -0.002990 0.010404 -0.006235 -0.023422 -0.001073 -0.001051 0.999725
1772809891.368574381 -0.002910 0.010607 -0.005899 -0.023272 -0.000823 -0.000826 0.999728
1772809891.468517065 -0.003362 0.010338 -0.006205 -0.023490 -0.001348 -0.000864 0.999723
1772809891.568350554 -0.003718 0.010130 -0.006905 -0.023466 -0.001377 -0.000918 0.999723
1772809891.668171883 -0.004012 0.010270 -0.006831 -0.023817 -0.001150 -0.000926 0.999715
1772809891.768167973 -0.004002 0.010346 -0.007067 -0.023686 -0.001083 -0.001112 0.999718
1772809891.868012190 -0.004056 0.010705 -0.007041 -0.023841 -0.001186 -0.000953 0.999715
1772809891.968012094 -0.003592 0.010355 -0.006907 -0.023501 -0.001105 -0.001058 0.999723
1772809892.067800760 -0.003273 0.010391 -0.006584 -0.023686 -0.001036 -0.000813 0.999719
1772809892.168018103 -0.003260 0.009714 -0.006415 -0.023712 -0.000851 -0.000981 0.999718
1772809892.268070698 -0.002977 0.009744 -0.006980 -0.023736 -0.001040 -0.000855 0.999717
1772809892.368371725 -0.003116 0.009384 -0.007128 -0.023600 -0.001418 -0.001058 0.999720
1772809892.468365669 -0.003361 0.009482 -0.006644 -0.023792 -0.001143 -0.000956 0.999716
1772809892.568365335 -0.003219 0.009545 -0.006160 -0.023929 -0.001116 -0.001115 0.999712
1772809892.668467760 -0.002972 0.009003 -0.006355 -0.023508 -0.000824 -0.001329 0.999722
1772809892.768380165 -0.003302 0.009255 -0.006564 -0.023697 -0.001033 -0.001117 0.999718
1772809892.868514061 -0.003804 0.009194 -0.006772 -0.023459 -0.000857 -0.001056 0.999724
1772809892.968524218 -0.004455 0.009442 -0.006655 -0.023636 -0.001097 -0.000968 0.999720
1772809893.068659067 -0.004663 0.009574 -0.006873 -0.023600 -0.000814 -0.000906 0.999721
1772809893.168660879 -0.004868 0.009645 -0.007019 -0.023786 -0.001166 -0.001184 0.999716
1772809893.268725395 -0.004698 0.010010 -0.006984 -0.023673 -0.000711 -0.001278 0.999719
1772809893.368501186 -0.004544 0.009889 -0.006766 -0.023629 -0.000968 -0.001253 0.999720
1772809893.468451262 -0.004534 0.009856 -0.006501 -0.023568 -0.001058 -0.001384 0.999721
1772809893.568341732 -0.004157 0.009544 -0.006337 -0.023682 -0.001089 -0.001156 0.999718
1772809893.668236256 -0.004487 0.009700 -0.006367 -0.023709 -0.000844 -0.001411 0.999718
1772809893.768104792 -0.004359 0.009902 -0.006703 -0.023692 -0.001119 -0.001100 0.999718
1772809893.868026018 -0.004486 0.010361 -0.007041 -0.023617 -0.001181 -0.001289 0.999720
1772809893.968035460 -0.004504 0.010171 -0.006955 -0.023866 -0.001088 -0.001381 0.999714
1772809894.068127394 -0.004218 0.009943 -0.006668 -0.023605 -0.000935 -0.001271 0.999720
1772809894.167985678 -0.004541 0.009910 -0.006166 -0.023984 -0.001280 -0.001316 0.999711
1772809894.268274546 -0.004602 0.009864 -0.006601 -0.023571 -0.000921 -0.001328 0.999721
1772809894.368010521 -0.005012 0.010117 -0.006947 -0.023600 -0.000931 -0.001098 0.999720
1772809894.468094826 -0.005140 0.010370 -0.006859 -0.023275 -0.001222 -0.001109 0.999728
1772809894.568136930 -0.005353 0.010707 -0.006748 -0.023511 -0.000574 -0.001244 0.999723
1772809894.668268681 -0.004855 0.010640 -0.006675 -0.023675 -0.000869 -0.001102 0.999719
1772809894.768265486 -0.004815 0.010663 -0.006673 -0.023636 -0.001002 -0.001401 0.999719
1772809894.868394852 -0.004760 0.010443 -0.006289 -0.023837 -0.001074 -0.001260 0.999714
1772809894.968439817 -0.004244 0.010282 -0.006216 -0.023533 -0.000967 -0.001424 0.999722
1772809895.068232536 -0.004087 0.010649 -0.006173 -0.023796 -0.001155 -0.001157 0.999716
1772809895.168205738 -0.004050 0.010163 -0.006845 -0.023422 -0.000839 -0.001269 0.999725
1772809895.268162012 -0.004518 0.010314 -0.006859 -0.023566 -0.001146 -0.001039 0.999721
1772809895.368306160 -0.004773 0.010307 -0.006719 -0.023734 -0.000949 -0.001243 0.999717
1772809895.468257904 -0.004919 0.010393 -0.006616 -0.023601 -0.000922 -0.001222 0.999720
1772809895.568223476 -0.004733 0.010480 -0.006504 -0.023723 -0.001403 -0.001223 0.999717
1772809895.668237925 -0.004169 0.010263 -0.006787 -0.023593 -0.000788 -0.001243 0.999721
1772809895.768263578 -0.004181 0.010356 -0.006808 -0.023598 -0.001047 -0.001033 0.999720
1772809895.868307114 -0.004324 0.009884 -0.006789 -0.023462 -0.000935 -0.001215 0.999724
1772809895.968172550 -0.004507 0.009857 -0.006768 -0.023702 -0.001105 -0.000888 0.999718
1772809896.068394423 -0.004908 0.009489 -0.006733 -0.023836 -0.000914 -0.001242 0.999715
1772809896.168263674 -0.004919 0.009836 -0.006824 -0.023881 -0.001027 -0.001086 0.999714
1772809896.268148661 -0.004779 0.010168 -0.006734 -0.023689 -0.001194 -0.001168 0.999718
1772809896.368013144 -0.004799 0.010077 -0.006195 -0.023580 -0.000827 -0.001200 0.999721
1772809896.468061447 -0.004725 0.010006 -0.006224 -0.023594 -0.001017 -0.001246 0.999720
1772809896.568078518 -0.004389 0.010087 -0.005860 -0.023543 -0.001073 -0.001336 0.999721
1772809896.668094873 -0.004597 0.010455 -0.006139 -0.023591 -0.000786 -0.001100 0.999721
1772809896.768044233 -0.004547 0.010678 -0.006322 -0.023484 -0.001024 -0.001266 0.999723
1772809896.867972136 -0.004766 0.010790 -0.006340 -0.023810 -0.000911 -0.000947 0.999716
1772809896.968046188 -0.004914 0.010834 -0.006384 -0.023640 -0.000950 -0.001213 0.999719
1772809897.068088055 -0.005248 0.010621 -0.006007 -0.023733 -0.000951 -0.001174 0.999717
1772809897.168224812 -0.004996 0.010430 -0.006088 -0.023737 -0.000848 -0.001098 0.999717
1772809897.268575907 -0.004147 0.010210 -0.006336 -0.023618 -0.000704 -0.001098 0.999720
1772809897.368361712 -0.003939 0.010364 -0.006629 -0.023593 -0.001091 -0.001150 0.999720
1772809897.468569517 -0.004072 0.010336 -0.006477 -0.023550 -0.000927 -0.001131 0.999722
1772809897.568438053 -0.004685 0.010088 -0.006100 -0.023765 -0.001191 -0.001157 0.999716
1772809897.668455124 -0.004462 0.009693 -0.005998 -0.024002 -0.000655 -0.001112 0.999711
1772809897.768526316 -0.004594 0.009469 -0.006527 -0.023752 -0.001270 -0.001153 0.999716
1772809897.868342400 -0.004470 0.009402 -0.006564 -0.023597 -0.000940 -0.001043 0.999721
1772809897.968291998 -0.004067 0.009504 -0.006468 -0.023668 -0.000856 -0.001070 0.999719
1772809898.068342686 -0.004183 0.009213 -0.006119 -0.023628 -0.001332 -0.001062 0.999719
1772809898.168553591 -0.003873 0.008906 -0.005870 -0.023691 -0.000805 -0.000957 0.999719
1772809898.268684864 -0.003802 0.008759 -0.005950 -0.023610 -0.001087 -0.000871 0.999720
1772809898.368511438 -0.003514 0.008818 -0.006237 -0.023740 -0.001327 -0.001002 0.999717
1772809898.468518257 -0.003704 0.009093 -0.006178 -0.023773 -0.000935 -0.001160 0.999716
1772809898.568526506 -0.003783 0.009425 -0.006282 -0.023637 -0.001140 -0.001001 0.999719
1772809898.668743610 -0.003986 0.009383 -0.005998 -0.023735 -0.001013 -0.001222 0.999717
