id: 0
T_world_origin: 
    0.999915   0.00393898   -0.0124229   0.00139209
 -0.00329022     0.998651    0.0518178 -0.000707633
   0.0126102   -0.0517725     0.998579   0.00175287
           0            0            0            1
T_origin_endpoint_L: 
           1  8.63992e-06  -0.00015319  -0.00215833
-8.76333e-06            1 -0.000805587  0.000572074
 0.000153183  0.000805588            1  -0.00230346
           0            0            0            1
T_origin_endpoint_R: 
           1  0.000297709 -0.000394075  0.000274465
-0.000297646            1  0.000159555 -0.000427195
 0.000394123 -0.000159438            1  0.000404112
           0            0            0            1
T_lidar_imu: 
     1      0      0  0.006
     0      1      0 -0.012
     0      0      1  0.008
     0      0      0      1
imu_bias:  2.70124e-05  0.000112006  -0.00603033 -0.000924695   -0.0017924  -0.00191947
frame_id: 2
num_frames: 156
frame_0
id: 0
stamp: 1772811538.178696394
T_odom_lidar: 
   0.999913  0.00393761  -0.0125792 -0.00658678
-0.00329103    0.998693   0.0510138   0.0113474
  0.0127637  -0.0509679    0.998619 -0.00928129
          0           0           0           1
T_world_lidar: 
   0.999913  0.00393761  -0.0125792 -0.00658678
-0.00329103    0.998693   0.0510138   0.0113474
  0.0127637  -0.0509679    0.998619 -0.00928129
          0           0           0           1
v_world_imu:   0.0102408 -0.00229975   0.0453971
frame_1
id: 1
stamp: 1772811538.278687954
T_odom_lidar: 
   0.999893  0.00400635  -0.0140752 -0.00560572
-0.00325317    0.998582   0.0531323   0.0109554
  0.0142681  -0.0530808    0.998488 -0.00648179
          0           0           0           1
T_world_lidar: 
   0.999893  0.00400635  -0.0140752 -0.00560572
-0.00325317    0.998582   0.0531323   0.0109554
  0.0142681  -0.0530808    0.998488 -0.00648179
          0           0           0           1
v_world_imu:   0.0122259 -0.00596158   0.0061909
frame_2
id: 2
stamp: 1772811538.378705025
T_odom_lidar: 
   0.999919  0.00398703  -0.0120739 -0.00507265
-0.00337465    0.998727   0.0503216   0.0105975
  0.0122592  -0.0502768     0.99866 -0.00742488
          0           0           0           1
T_world_lidar: 
   0.999919  0.00398703  -0.0120739 -0.00507265
-0.00337465    0.998727   0.0503216   0.0105975
  0.0122592  -0.0502768     0.99866 -0.00742488
          0           0           0           1
v_world_imu: 0.000944507  0.00217284 -0.00300473
frame_3
id: 3
stamp: 1772811538.478718519
T_odom_lidar: 
   0.999907  0.00358891    -0.01316 -0.00478627
 -0.0028947    0.998622   0.0523959   0.0105845
  0.0133299   -0.052353     0.99854 -0.00689904
          0           0           0           1
T_world_lidar: 
   0.999907  0.00358891    -0.01316 -0.00478627
 -0.0028947    0.998622   0.0523959   0.0105845
  0.0133299   -0.052353     0.99854 -0.00689904
          0           0           0           1
v_world_imu:  0.00867929 -0.00230145  0.00770479
frame_4
id: 4
stamp: 1772811538.578814983
T_odom_lidar: 
   0.999913  0.00400642  -0.0125888 -0.00435941
-0.00335597    0.998679   0.0512724   0.0101877
  0.0127776  -0.0512257    0.998605  -0.0064356
          0           0           0           1
T_world_lidar: 
   0.999913  0.00400642  -0.0125888 -0.00435941
-0.00335597    0.998679   0.0512724   0.0101877
  0.0127776  -0.0512257    0.998605  -0.0064356
          0           0           0           1
v_world_imu: 0.000819033 -0.00438889  0.00426205
frame_5
id: 5
stamp: 1772811538.678943157
T_odom_lidar: 
   0.999911  0.00377267   -0.012794 -0.00388061
-0.00309536    0.998613   0.0525517   0.0100546
  0.0129745  -0.0525074    0.998536  -0.0062563
          0           0           0           1
T_world_lidar: 
   0.999911  0.00377267   -0.012794 -0.00388061
-0.00309536    0.998613   0.0525517   0.0100546
  0.0129745  -0.0525074    0.998536  -0.0062563
          0           0           0           1
v_world_imu:   0.0118966 -0.00355846 -0.00205295
frame_6
id: 6
stamp: 1772811538.779038668
T_odom_lidar: 
   0.999911  0.00371979   -0.012805 -0.00354616
-0.00304941    0.998643   0.0519805   0.0096211
   0.012981  -0.0519368    0.998566 -0.00620875
          0           0           0           1
T_world_lidar: 
   0.999911  0.00371979   -0.012805 -0.00354616
-0.00304941    0.998643   0.0519805   0.0096211
   0.012981  -0.0519368    0.998566 -0.00620875
          0           0           0           1
v_world_imu: -0.00497231 -0.00247807 0.000968479
frame_7
id: 7
stamp: 1772811538.878893614
T_odom_lidar: 
   0.999904  0.00363599   -0.013345 -0.00363196
-0.00293871    0.998648   0.0519034  0.00994856
  0.0135157  -0.0518592    0.998563 -0.00644893
          0           0           0           1
T_world_lidar: 
   0.999904  0.00363599   -0.013345 -0.00363196
-0.00293871    0.998648   0.0519034  0.00994856
  0.0135157  -0.0518592    0.998563 -0.00644893
          0           0           0           1
v_world_imu:  0.00116483  0.00287314 -0.00679692
frame_8
id: 8
stamp: 1772811538.979044914
T_odom_lidar: 
   0.999905  0.00395557  -0.0132155 -0.00372465
-0.00326722    0.998657   0.0517079   0.0100205
  0.0134023  -0.0516598    0.998575  -0.0066845
          0           0           0           1
T_world_lidar: 
   0.999905  0.00395557  -0.0132155 -0.00372465
-0.00326722    0.998657   0.0517079   0.0100205
  0.0134023  -0.0516598    0.998575  -0.0066845
          0           0           0           1
v_world_imu:  0.00152178 -0.00429789 -0.00229765
frame_9
id: 9
stamp: 1772811539.078857183
T_odom_lidar: 
   0.999912  0.00383366  -0.0127238 -0.00395507
-0.00317088    0.998657   0.0517072   0.0100178
  0.0129049  -0.0516622    0.998581  -0.0068218
          0           0           0           1
T_world_lidar: 
   0.999912  0.00383366  -0.0127238 -0.00395507
-0.00317088    0.998657   0.0517072   0.0100178
  0.0129049  -0.0516622    0.998581  -0.0068218
          0           0           0           1
v_world_imu: -0.00434191  0.00525339  0.00103613
frame_10
id: 10
stamp: 1772811539.178839684
T_odom_lidar: 
   0.999906  0.00377487  -0.0131853 -0.00424621
-0.00308274    0.998636    0.052124   0.0104041
  0.0133641  -0.0520785    0.998554 -0.00662285
          0           0           0           1
T_world_lidar: 
   0.999906  0.00377487  -0.0131853 -0.00424621
-0.00308274    0.998636    0.052124   0.0104041
  0.0133641  -0.0520785    0.998554 -0.00662285
          0           0           0           1
v_world_imu:  0.00467731 0.000331023  0.00163075
frame_11
id: 11
stamp: 1772811539.278882742
T_odom_lidar: 
   0.999914  0.00402223  -0.0124815 -0.00419494
-0.00336965    0.998648   0.0518708   0.0102363
  0.0126733  -0.0518243    0.998576 -0.00680771
          0           0           0           1
T_world_lidar: 
   0.999914  0.00402223  -0.0124815 -0.00419494
-0.00336965    0.998648   0.0518708   0.0102363
  0.0126733  -0.0518243    0.998576 -0.00680771
          0           0           0           1
v_world_imu:    -0.002479 -0.000440017    -0.001472
frame_12
id: 12
stamp: 1772811539.378758669
T_odom_lidar: 
   0.999911  0.00373628  -0.0127915  -0.0044461
-0.00306971    0.998656   0.0517396   0.0102556
  0.0129676  -0.0516957    0.998579   -0.006732
          0           0           0           1
T_world_lidar: 
   0.999911  0.00373628  -0.0127915  -0.0044461
-0.00306971    0.998656   0.0517396   0.0102556
  0.0129676  -0.0516957    0.998579   -0.006732
          0           0           0           1
v_world_imu:  0.00321704 0.000372109 -0.00281072
frame_13
id: 13
stamp: 1772811539.478687048
T_odom_lidar: 
   0.999912  0.00365542  -0.0127205 -0.00426194
-0.00299407    0.998662   0.0516266   0.0100564
  0.0128922   -0.051584    0.998585 -0.00676982
          0           0           0           1
T_world_lidar: 
   0.999912  0.00365542  -0.0127205 -0.00426194
-0.00299407    0.998662   0.0516266   0.0100564
  0.0128922   -0.051584    0.998585 -0.00676982
          0           0           0           1
v_world_imu: -0.00394181  0.00118105  0.00330464
frame_14
id: 14
stamp: 1772811539.578689575
T_odom_lidar: 
    0.99991  0.00371816  -0.0128634 -0.00448779
 -0.0030452    0.998645    0.051946   0.0104142
  0.0130391  -0.0519021    0.998567 -0.00627509
          0           0           0           1
T_world_lidar: 
    0.99991  0.00371816  -0.0128634 -0.00448779
 -0.0030452    0.998645    0.051946   0.0104142
  0.0130391  -0.0519021    0.998567 -0.00627509
          0           0           0           1
v_world_imu:  0.00167707  0.00655227 -0.00120326
frame_15
id: 15
stamp: 1772811539.678651333
T_odom_lidar: 
   0.999919  0.00399159  -0.0120647  -0.0043528
-0.00336522    0.998667    0.051499   0.0106592
  0.0122542  -0.0514543      0.9986 -0.00620475
          0           0           0           1
T_world_lidar: 
   0.999919  0.00399159  -0.0120647  -0.0043528
-0.00336522    0.998667    0.051499   0.0106592
  0.0122542  -0.0514543      0.9986 -0.00620475
          0           0           0           1
v_world_imu:  -0.00192787 -0.000946766  0.000838417
frame_16
id: 16
stamp: 1772811539.778613806
T_odom_lidar: 
   0.999916  0.00366277  -0.0124256 -0.00460488
-0.00301832    0.998669   0.0514928   0.0108519
  0.0125977   -0.051451    0.998596 -0.00597778
          0           0           0           1
T_world_lidar: 
   0.999916  0.00366277  -0.0124256 -0.00460488
-0.00301832    0.998669   0.0514928   0.0108519
  0.0125977   -0.051451    0.998596 -0.00597778
          0           0           0           1
v_world_imu: -0.00300768  0.00446437 -0.00247977
frame_17
id: 17
stamp: 1772811539.878546476
T_odom_lidar: 
   0.999915  0.00373156  -0.0125006  -0.0046587
-0.00307965    0.998654   0.0517702   0.0110277
  0.0126769  -0.0517272    0.998581 -0.00616142
          0           0           0           1
T_world_lidar: 
   0.999915  0.00373156  -0.0125006  -0.0046587
-0.00307965    0.998654   0.0517702   0.0110277
  0.0126769  -0.0517272    0.998581 -0.00616142
          0           0           0           1
v_world_imu:  0.000486584 -4.04483e-05  -0.00361451
frame_18
id: 18
stamp: 1772811539.978724241
T_odom_lidar: 
   0.999912  0.00408694  -0.0126209 -0.00470891
-0.00343834    0.998693   0.0509915   0.0112102
  0.0128128  -0.0509436    0.998619 -0.00638252
          0           0           0           1
T_world_lidar: 
   0.999912  0.00408694  -0.0126209 -0.00470891
-0.00343834    0.998693   0.0509915   0.0112102
  0.0128128  -0.0509436    0.998619 -0.00638252
          0           0           0           1
v_world_imu:  0.00226284  0.00282728 -0.00538888
frame_19
id: 19
stamp: 1772811540.078725815
T_odom_lidar: 
    0.99991  0.00391829  -0.0128677 -0.00484166
 -0.0032493    0.998662    0.051605   0.0113537
  0.0130527  -0.0515585    0.998585  -0.0066977
          0           0           0           1
T_world_lidar: 
    0.99991  0.00391829  -0.0128677 -0.00484166
 -0.0032493    0.998662    0.051605   0.0113537
  0.0130527  -0.0515585    0.998585  -0.0066977
          0           0           0           1
v_world_imu: -0.00235921 -0.00044331   0.0019257
frame_20
id: 20
stamp: 1772811540.178688049
T_odom_lidar: 
   0.999909  0.00421358   -0.012838 -0.00461807
-0.00354811    0.998671   0.0514253   0.0111273
  0.0130376   -0.051375    0.998594 -0.00672093
          0           0           0           1
T_world_lidar: 
   0.999909  0.00421358   -0.012838 -0.00461807
-0.00354811    0.998671   0.0514253   0.0111273
  0.0130376   -0.051375    0.998594 -0.00672093
          0           0           0           1
v_world_imu:   0.00675257  -0.00153578 -0.000843666
frame_21
id: 21
stamp: 1772811540.278644562
T_odom_lidar: 
   0.999912  0.00359725  -0.0127975 -0.00482626
-0.00292369    0.998629    0.052267   0.0111343
  0.0129679  -0.0522249    0.998551 -0.00614608
          0           0           0           1
T_world_lidar: 
   0.999912  0.00359725  -0.0127975 -0.00482626
-0.00292369    0.998629    0.052267   0.0111343
  0.0129679  -0.0522249    0.998551 -0.00614608
          0           0           0           1
v_world_imu: -0.00209474 -0.00061907  0.00868401
frame_22
id: 22
stamp: 1772811540.378807306
T_odom_lidar: 
   0.999913  0.00423342  -0.0125053 -0.00449921
-0.00358438    0.998668    0.051475    0.010887
  0.0127066  -0.0514256    0.998596 -0.00618635
          0           0           0           1
T_world_lidar: 
   0.999913  0.00423342  -0.0125053 -0.00449921
-0.00358438    0.998668    0.051475    0.010887
  0.0127066  -0.0514256    0.998596 -0.00618635
          0           0           0           1
v_world_imu:   0.00661776  -0.00177819 -0.000698281
frame_23
id: 23
stamp: 1772811540.478661060
T_odom_lidar: 
   0.999912   0.0037719  -0.0127129 -0.00429197
-0.00310773    0.998649   0.0518645    0.010958
  0.0128913  -0.0518204    0.998573 -0.00608328
          0           0           0           1
T_world_lidar: 
   0.999912   0.0037719  -0.0127129 -0.00429197
-0.00310773    0.998649   0.0518645    0.010958
  0.0128913  -0.0518204    0.998573 -0.00608328
          0           0           0           1
v_world_imu: 0.000809658  0.00175252 -0.00470529
frame_24
id: 24
stamp: 1772811540.578605175
T_odom_lidar: 
   0.999912   0.0040022  -0.0126322 -0.00419724
 -0.0033393    0.998638   0.0520693   0.0109122
  0.0128234  -0.0520226    0.998564 -0.00650357
          0           0           0           1
T_world_lidar: 
   0.999912   0.0040022  -0.0126322 -0.00419724
 -0.0033393    0.998638   0.0520693   0.0109122
  0.0128234  -0.0520226    0.998564 -0.00650357
          0           0           0           1
v_world_imu: 0.00204224  0.0012475 -0.0060747
frame_25
id: 25
stamp: 1772811540.678679943
T_odom_lidar: 
   0.999915  0.00384488  -0.0124403 -0.00411172
-0.00320196    0.998678   0.0512941   0.0109609
  0.0126211  -0.0512499    0.998606 -0.00649101
          0           0           0           1
T_world_lidar: 
   0.999915  0.00384488  -0.0124403 -0.00411172
-0.00320196    0.998678   0.0512941   0.0109609
  0.0126211  -0.0512499    0.998606 -0.00649101
          0           0           0           1
v_world_imu: 0.000120979 0.000752468 -0.00290437
frame_26
id: 26
stamp: 1772811540.778618574
T_odom_lidar: 
    0.99991  0.00395483  -0.0128189 -0.00410789
-0.00329052    0.998671   0.0514352   0.0110337
  0.0130053  -0.0513884    0.998594 -0.00646602
          0           0           0           1
T_world_lidar: 
    0.99991  0.00395483  -0.0128189 -0.00410789
-0.00329052    0.998671   0.0514352   0.0110337
  0.0130053  -0.0513884    0.998594 -0.00646602
          0           0           0           1
v_world_imu: -0.00542783 -0.00330453  0.00223356
frame_27
id: 27
stamp: 1772811540.878577471
T_odom_lidar: 
   0.999917  0.00384493   -0.012266 -0.00434856
-0.00320938    0.998672   0.0514191   0.0107411
  0.0124474  -0.0513755    0.998602 -0.00628593
          0           0           0           1
T_world_lidar: 
   0.999917  0.00384493   -0.012266 -0.00434856
-0.00320938    0.998672   0.0514191   0.0107411
  0.0124474  -0.0513755    0.998602 -0.00628593
          0           0           0           1
v_world_imu: -8.51629e-05  -0.00155566  -0.00247974
frame_28
id: 28
stamp: 1772811540.978616714
T_odom_lidar: 
    0.99991  0.00365992  -0.0129169 -0.00450614
-0.00298467    0.998647   0.0519139   0.0109082
  0.0130894  -0.0518706    0.998568 -0.00663133
          0           0           0           1
T_world_lidar: 
    0.99991  0.00365992  -0.0129169 -0.00450614
-0.00298467    0.998647   0.0519139   0.0109082
  0.0130894  -0.0518706    0.998568 -0.00663133
          0           0           0           1
v_world_imu: -0.00543526  0.00259388  -0.0025591
frame_29
id: 29
stamp: 1772811541.078534126
T_odom_lidar: 
   0.999909  0.00403208  -0.0129077 -0.00440543
-0.00336029     0.99866   0.0516501   0.0110736
  0.0130987   -0.051602    0.998582 -0.00689226
          0           0           0           1
T_world_lidar: 
   0.999909  0.00403208  -0.0129077 -0.00440543
-0.00336029     0.99866   0.0516501   0.0110736
  0.0130987   -0.051602    0.998582 -0.00689226
          0           0           0           1
v_world_imu:   0.00476971 -0.000158059   -0.0030016
frame_30
id: 30
stamp: 1772811541.178550482
T_odom_lidar: 
    0.99991  0.00413993  -0.0127959 -0.00470049
 -0.0034778    0.998675    0.051341   0.0111734
  0.0129915  -0.0512919    0.998599 -0.00666686
          0           0           0           1
T_world_lidar: 
    0.99991  0.00413993  -0.0127959 -0.00470049
 -0.0034778    0.998675    0.051341   0.0111734
  0.0129915  -0.0512919    0.998599 -0.00666686
          0           0           0           1
v_world_imu: -0.00808701  0.00229899  0.00808084
frame_31
id: 31
stamp: 1772811541.278390408
T_odom_lidar: 
   0.999914  0.00410906  -0.0124176 -0.00445083
-0.00345785     0.99864   0.0520164   0.0110302
  0.0126144   -0.051969    0.998569 -0.00674463
          0           0           0           1
T_world_lidar: 
   0.999914  0.00410906  -0.0124176 -0.00445083
-0.00345785     0.99864   0.0520164   0.0110302
  0.0126144   -0.051969    0.998569 -0.00674463
          0           0           0           1
v_world_imu:  0.00735917 -0.00429084 -0.00522505
frame_32
id: 32
stamp: 1772811541.378348351
T_odom_lidar: 
   0.999912  0.00397444   -0.012653 -0.00466546
-0.00331773    0.998667   0.0515053   0.0105845
  0.0128409  -0.0514588    0.998593 -0.00655135
          0           0           0           1
T_world_lidar: 
   0.999912  0.00397444   -0.012653 -0.00466546
-0.00331773    0.998667   0.0515053   0.0105845
  0.0128409  -0.0514588    0.998593 -0.00655135
          0           0           0           1
v_world_imu:  -0.00585147 -5.13616e-05    0.0057928
frame_33
id: 33
stamp: 1772811541.478404045
T_odom_lidar: 
   0.999914  0.00346553  -0.0126517  -0.0044668
-0.00280344    0.998644   0.0519797   0.0106196
  0.0128147  -0.0519397    0.998568 -0.00652739
          0           0           0           1
T_world_lidar: 
   0.999914  0.00346553  -0.0126517  -0.0044668
-0.00280344    0.998644   0.0519797   0.0106196
  0.0128147  -0.0519397    0.998568 -0.00652739
          0           0           0           1
v_world_imu:    0.0073702 -0.000489144    -0.004121
frame_34
id: 34
stamp: 1772811541.578452826
T_odom_lidar: 
   0.999918  0.00379743  -0.0122118 -0.00400815
-0.00316232    0.998662   0.0516134   0.0103957
  0.0123915  -0.0515706    0.998592 -0.00642677
          0           0           0           1
T_world_lidar: 
   0.999918  0.00379743  -0.0122118 -0.00400815
-0.00316232    0.998662   0.0516134   0.0103957
  0.0123915  -0.0515706    0.998592 -0.00642677
          0           0           0           1
v_world_imu: -0.00283546 -0.00169733   0.0026995
frame_35
id: 35
stamp: 1772811541.678656101
T_odom_lidar: 
   0.999909  0.00414766  -0.0128307 -0.00428284
-0.00347406    0.998637    0.052083    0.010462
  0.0130293  -0.0520337     0.99856 -0.00611535
          0           0           0           1
T_world_lidar: 
   0.999909  0.00414766  -0.0128307 -0.00428284
-0.00347406    0.998637    0.052083    0.010462
  0.0130293  -0.0520337     0.99856 -0.00611535
          0           0           0           1
v_world_imu: -0.00400903  0.00206077  -0.0011467
frame_36
id: 36
stamp: 1772811541.778557301
T_odom_lidar: 
   0.999916  0.00394287  -0.0123356 -0.00423443
 -0.0033058    0.998681   0.0512451   0.0103801
  0.0125214     -0.0512     0.99861 -0.00623618
          0           0           0           1
T_world_lidar: 
   0.999916  0.00394287  -0.0123356 -0.00423443
 -0.0033058    0.998681   0.0512451   0.0103801
  0.0125214     -0.0512     0.99861 -0.00623618
          0           0           0           1
v_world_imu: 0.000222559 -0.00395714 -0.00226848
frame_37
id: 37
stamp: 1772811541.878579855
T_odom_lidar: 
    0.99992  0.00377075  -0.0121092 -0.00442015
-0.00313912    0.998654   0.0517625   0.0104526
  0.0122881  -0.0517204    0.998586 -0.00643833
          0           0           0           1
T_world_lidar: 
    0.99992  0.00377075  -0.0121092 -0.00442015
-0.00313912    0.998654   0.0517625   0.0104526
  0.0122881  -0.0517204    0.998586 -0.00643833
          0           0           0           1
v_world_imu: -0.0048744 0.00122586 0.00660152
frame_38
id: 38
stamp: 1772811541.978746653
T_odom_lidar: 
   0.999915  0.00390466  -0.0124127 -0.00405121
-0.00325959    0.998664    0.051571   0.0104409
  0.0125975  -0.0515262    0.998592 -0.00611738
          0           0           0           1
T_world_lidar: 
   0.999915  0.00390466  -0.0124127 -0.00405121
-0.00325959    0.998664    0.051571   0.0104409
  0.0125975  -0.0515262    0.998592 -0.00611738
          0           0           0           1
v_world_imu: 0.00863724 0.00228582 0.00101424
frame_39
id: 39
stamp: 1772811542.078696251
T_odom_lidar: 
   0.999913  0.00389609  -0.0126219 -0.00393083
-0.00323896    0.998659   0.0516713   0.0105608
  0.0128063  -0.0516259    0.998584 -0.00583671
          0           0           0           1
T_world_lidar: 
   0.999913  0.00389609  -0.0126219 -0.00393083
-0.00323896    0.998659   0.0516713   0.0105608
  0.0128063  -0.0516259    0.998584 -0.00583671
          0           0           0           1
v_world_imu: -0.00508917  0.00173376  0.00343952
frame_40
id: 40
stamp: 1772811542.178766012
T_odom_lidar: 
   0.999915  0.00417796  -0.0123556  -0.0038072
-0.00353082    0.998644   0.0519423   0.0104194
  0.0125558  -0.0518942    0.998574 -0.00617707
          0           0           0           1
T_world_lidar: 
   0.999915  0.00417796  -0.0123556  -0.0038072
-0.00353082    0.998644   0.0519423   0.0104194
  0.0125558  -0.0518942    0.998574 -0.00617707
          0           0           0           1
v_world_imu:  0.00602344 -0.00215618 -0.00229364
frame_41
id: 41
stamp: 1772811542.278761387
T_odom_lidar: 
   0.999918  0.00393865  -0.0121974  -0.0036674
-0.00330051    0.998647   0.0519031   0.0101487
  0.0123853  -0.0518586    0.998578 -0.00643013
          0           0           0           1
T_world_lidar: 
   0.999918  0.00393865  -0.0121974  -0.0036674
-0.00330051    0.998647   0.0519031   0.0101487
  0.0123853  -0.0518586    0.998578 -0.00643013
          0           0           0           1
v_world_imu:  -0.0039661   0.0018283 -0.00124855
frame_42
id: 42
stamp: 1772811542.378795862
T_odom_lidar: 
   0.999907  0.00374589  -0.0131079 -0.00373685
-0.00305883     0.99864   0.0520484   0.0103439
   0.013285  -0.0520035    0.998559 -0.00665644
          0           0           0           1
T_world_lidar: 
   0.999907  0.00374589  -0.0131079 -0.00373685
-0.00305883     0.99864   0.0520484   0.0103439
   0.013285  -0.0520035    0.998559 -0.00665644
          0           0           0           1
v_world_imu:  0.00405582  0.00176521 -0.00735722
frame_43
id: 43
stamp: 1772811542.478777409
T_odom_lidar: 
   0.999915   0.0037018  -0.0125134 -0.00347811
-0.00305436    0.998675   0.0513688   0.0101349
  0.0126869  -0.0513262    0.998601 -0.00676279
          0           0           0           1
T_world_lidar: 
   0.999915   0.0037018  -0.0125134 -0.00347811
-0.00305436    0.998675   0.0513688   0.0101349
  0.0126869  -0.0513262    0.998601 -0.00676279
          0           0           0           1
v_world_imu:  -0.00325745 -0.000971908   0.00213499
frame_44
id: 44
stamp: 1772811542.578951120
T_odom_lidar: 
   0.999914  0.00333138  -0.0126999  -0.0038488
 -0.0026648    0.998636   0.0521469   0.0100906
  0.0128563  -0.0521086    0.998559 -0.00662419
          0           0           0           1
T_world_lidar: 
   0.999914  0.00333138  -0.0126999  -0.0038488
 -0.0026648    0.998636   0.0521469   0.0100906
  0.0128563  -0.0521086    0.998559 -0.00662419
          0           0           0           1
v_world_imu: -0.00218358 1.62711e-05 -0.00121267
frame_45
id: 45
stamp: 1772811542.678860426
T_odom_lidar: 
   0.999911  0.00376915  -0.0128255  -0.0039615
-0.00309966    0.998651   0.0518248   0.0100137
  0.0130035  -0.0517804    0.998574 -0.00655075
          0           0           0           1
T_world_lidar: 
   0.999911  0.00376915  -0.0128255  -0.0039615
-0.00309966    0.998651   0.0518248   0.0100137
  0.0130035  -0.0517804    0.998574 -0.00655075
          0           0           0           1
v_world_imu:  -0.00253148  0.000970389 -0.000565913
frame_46
id: 46
stamp: 1772811542.778835297
T_odom_lidar: 
    0.99991  0.00368742  -0.0129346 -0.00438208
-0.00301011    0.998643   0.0519987   0.0103206
  0.0131088  -0.0519551    0.998563 -0.00663649
          0           0           0           1
T_world_lidar: 
    0.99991  0.00368742  -0.0129346 -0.00438208
-0.00301011    0.998643   0.0519987   0.0103206
  0.0131088  -0.0519551    0.998563 -0.00663649
          0           0           0           1
v_world_imu: -0.00949642  0.00357429 0.000560044
frame_47
id: 47
stamp: 1772811542.878814220
T_odom_lidar: 
   0.999915  0.00383609  -0.0124235 -0.00460048
-0.00318919    0.998659   0.0516781   0.0105918
   0.012605  -0.0516341    0.998587  -0.0069236
          0           0           0           1
T_world_lidar: 
   0.999915  0.00383609  -0.0124235 -0.00460048
-0.00318919    0.998659   0.0516781   0.0105918
   0.012605  -0.0516341    0.998587  -0.0069236
          0           0           0           1
v_world_imu:  0.00245958 0.000163756 -0.00202983
frame_48
id: 48
stamp: 1772811542.978881359
T_odom_lidar: 
    0.99991  0.00411166  -0.0127716 -0.00456782
-0.00344146    0.998638   0.0520611   0.0108049
  0.0129682  -0.0520124    0.998562 -0.00688676
          0           0           0           1
T_world_lidar: 
    0.99991  0.00411166  -0.0127716 -0.00456782
-0.00344146    0.998638   0.0520611   0.0108049
  0.0129682  -0.0520124    0.998562 -0.00688676
          0           0           0           1
v_world_imu: -0.00373348  0.00380905  0.00496689
frame_49
id: 49
stamp: 1772811543.078835964
T_odom_lidar: 
   0.999913  0.00416115  -0.0125463 -0.00494589
-0.00350312     0.99864    0.052021   0.0111018
  0.0127457  -0.0519725    0.998567  -0.0064498
          0           0           0           1
T_world_lidar: 
   0.999913  0.00416115  -0.0125463 -0.00494589
-0.00350312     0.99864    0.052021   0.0111018
  0.0127457  -0.0519725    0.998567  -0.0064498
          0           0           0           1
v_world_imu: 0.000906713  0.00277458   0.0024053
frame_50
id: 50
stamp: 1772811543.178740263
T_odom_lidar: 
   0.999915  0.00413123  -0.0123347 -0.00487317
-0.00348906     0.99866   0.0516372   0.0111239
  0.0125315  -0.0515898     0.99859  -0.0065895
          0           0           0           1
T_world_lidar: 
   0.999915  0.00413123  -0.0123347 -0.00487317
-0.00348906     0.99866   0.0516372   0.0111239
  0.0125315  -0.0515898     0.99859  -0.0065895
          0           0           0           1
v_world_imu:  -0.00673853   0.00201692 -0.000952609
frame_51
id: 51
stamp: 1772811543.278752089
T_odom_lidar: 
   0.999911  0.00404282   -0.012681 -0.00574431
-0.00337652    0.998635   0.0521314   0.0112779
  0.0128745   -0.052084     0.99856 -0.00621913
          0           0           0           1
T_world_lidar: 
   0.999911  0.00404282   -0.012681 -0.00574431
-0.00337652    0.998635   0.0521314   0.0112779
  0.0128745   -0.052084     0.99856 -0.00621913
          0           0           0           1
v_world_imu:   0.00168222  0.000880191 -0.000618871
frame_52
id: 52
stamp: 1772811543.378692150
T_odom_lidar: 
   0.999914  0.00391156  -0.0125268  -0.0054762
-0.00325482     0.99864   0.0520252    0.011082
  0.0127133  -0.0519799    0.998567 -0.00617469
          0           0           0           1
T_world_lidar: 
   0.999914  0.00391156  -0.0125268  -0.0054762
-0.00325482     0.99864   0.0520252    0.011082
  0.0127133  -0.0519799    0.998567 -0.00617469
          0           0           0           1
v_world_imu: -0.00605332 -0.00161586 -0.00181023
frame_53
id: 53
stamp: 1772811543.478735685
T_odom_lidar: 
   0.999913  0.00381109  -0.0126617   -0.005799
-0.00315479     0.99867   0.0514553   0.0108345
   0.012841  -0.0514109    0.998595 -0.00653883
          0           0           0           1
T_world_lidar: 
   0.999913  0.00381109  -0.0126617   -0.005799
-0.00315479     0.99867   0.0514553   0.0108345
   0.012841  -0.0514109    0.998595 -0.00653883
          0           0           0           1
v_world_imu: -0.000107108  -0.00286479   -0.0127982
frame_54
id: 54
stamp: 1772811543.578839302
T_odom_lidar: 
   0.999914  0.00384382   -0.012566 -0.00541487
-0.00319024    0.998661   0.0516246   0.0106695
  0.0127476  -0.0515801    0.998587 -0.00703061
          0           0           0           1
T_world_lidar: 
   0.999914  0.00384382   -0.012566 -0.00541487
-0.00319024    0.998661   0.0516246   0.0106695
  0.0127476  -0.0515801    0.998587 -0.00703061
          0           0           0           1
v_world_imu:  0.00576084 -0.00223011 -0.00261849
frame_55
id: 55
stamp: 1772811543.678989410
T_odom_lidar: 
   0.999908  0.00396525  -0.0129733  -0.0047077
-0.00329118    0.998664   0.0515726   0.0108038
  0.0131605  -0.0515251    0.998585 -0.00743829
          0           0           0           1
T_world_lidar: 
   0.999908  0.00396525  -0.0129733  -0.0047077
-0.00329118    0.998664   0.0515726   0.0108038
  0.0131605  -0.0515251    0.998585 -0.00743829
          0           0           0           1
v_world_imu: 0.00263203 0.00651151 -0.0017498
frame_56
id: 56
stamp: 1772811543.779117346
T_odom_lidar: 
   0.999905  0.00401613  -0.0132089 -0.00412543
-0.00332134    0.998631   0.0522071   0.0111125
  0.0134005  -0.0521583    0.998549 -0.00713214
          0           0           0           1
T_world_lidar: 
   0.999905  0.00401613  -0.0132089 -0.00412543
-0.00332134    0.998631   0.0522071   0.0111125
  0.0134005  -0.0521583    0.998549 -0.00713214
          0           0           0           1
v_world_imu:  0.00479128 -0.00041137  0.00354325
frame_57
id: 57
stamp: 1772811543.879090309
T_odom_lidar: 
   0.999913  0.00431835  -0.0124637  -0.0037841
-0.00366858    0.998656   0.0516928   0.0108869
  0.0126701  -0.0516426    0.998585 -0.00701342
          0           0           0           1
T_world_lidar: 
   0.999913  0.00431835  -0.0124637  -0.0037841
-0.00366858    0.998656   0.0516928   0.0108869
  0.0126701  -0.0516426    0.998585 -0.00701342
          0           0           0           1
v_world_imu:   0.0012513   0.0023797 -0.00151863
frame_58
id: 58
stamp: 1772811543.979033232
T_odom_lidar: 
   0.999915  0.00387866  -0.0124334 -0.00382295
-0.00323183    0.998661   0.0516278   0.0109343
   0.012617  -0.0515833    0.998589 -0.00702625
          0           0           0           1
T_world_lidar: 
   0.999915  0.00387866  -0.0124334 -0.00382295
-0.00323183    0.998661   0.0516278   0.0109343
   0.012617  -0.0515833    0.998589 -0.00702625
          0           0           0           1
v_world_imu:  0.00360023 -0.00415651  0.00293052
frame_59
id: 59
stamp: 1772811544.078972578
T_odom_lidar: 
   0.999907   0.0041626  -0.0130181 -0.00340103
-0.00348286    0.998651   0.0518087   0.0102642
  0.0132162  -0.0517585    0.998572 -0.00733668
          0           0           0           1
T_world_lidar: 
   0.999907   0.0041626  -0.0130181 -0.00340103
-0.00348286    0.998651   0.0518087   0.0102642
  0.0132162  -0.0517585    0.998572 -0.00733668
          0           0           0           1
v_world_imu:  0.000388561 -0.000770219  -0.00469115
frame_60
id: 60
stamp: 1772811544.178946495
T_odom_lidar: 
   0.999915  0.00368684  -0.0125117 -0.00352191
-0.00302399    0.998612   0.0525901   0.0103634
  0.0126882  -0.0525478    0.998538 -0.00709838
          0           0           0           1
T_world_lidar: 
   0.999915  0.00368684  -0.0125117 -0.00352191
-0.00302399    0.998612   0.0525901   0.0103634
  0.0126882  -0.0525478    0.998538 -0.00709838
          0           0           0           1
v_world_imu: 0.00351085 -0.0018317 0.00202424
frame_61
id: 61
stamp: 1772811544.278881311
T_odom_lidar: 
    0.99991  0.00418863  -0.0127752 -0.00350881
-0.00352845    0.998679   0.0512684  0.00995768
   0.012973  -0.0512187    0.998603 -0.00687036
          0           0           0           1
T_world_lidar: 
    0.99991  0.00418863  -0.0127752 -0.00350881
-0.00352845    0.998679   0.0512684  0.00995768
   0.012973  -0.0512187    0.998603 -0.00687036
          0           0           0           1
v_world_imu: -0.00482608 -0.00141146  0.00389402
frame_62
id: 62
stamp: 1772811544.378752947
T_odom_lidar: 
   0.999913  0.00403156  -0.0125934 -0.00378932
-0.00337153    0.998641    0.051999   0.0102879
  0.0127859  -0.0519519    0.998568 -0.00634773
          0           0           0           1
T_world_lidar: 
   0.999913  0.00403156  -0.0125934 -0.00378932
-0.00337153    0.998641    0.051999   0.0102879
  0.0127859  -0.0519519    0.998568 -0.00634773
          0           0           0           1
v_world_imu: -6.57756e-05   0.00543249  -0.00127777
frame_63
id: 63
stamp: 1772811544.478613615
T_odom_lidar: 
   0.999907  0.00378285  -0.0131167 -0.00355911
-0.00309686    0.998646   0.0519304   0.0103095
  0.0132954  -0.0518849    0.998565 -0.00661187
          0           0           0           1
T_world_lidar: 
   0.999907  0.00378285  -0.0131167 -0.00355911
-0.00309686    0.998646   0.0519304   0.0103095
  0.0132954  -0.0518849    0.998565 -0.00661187
          0           0           0           1
v_world_imu: -0.000214454  -0.00254183  -0.00675543
frame_64
id: 64
stamp: 1772811544.578702927
T_odom_lidar: 
   0.999916  0.00399698  -0.0123593 -0.00330913
-0.00335268    0.998656   0.0517188   0.0101419
  0.0125494   -0.051673    0.998585 -0.00710644
          0           0           0           1
T_world_lidar: 
   0.999916  0.00399698  -0.0123593 -0.00330913
-0.00335268    0.998656   0.0517188   0.0101419
  0.0125494   -0.051673    0.998585 -0.00710644
          0           0           0           1
v_world_imu:   0.00119734 -0.000250778  -0.00874885
frame_65
id: 65
stamp: 1772811544.678673744
T_odom_lidar: 
   0.999912  0.00387449  -0.0126785 -0.00353519
-0.00320511    0.998621   0.0523975     0.01009
   0.012864  -0.0523523    0.998546 -0.00716957
          0           0           0           1
T_world_lidar: 
   0.999912  0.00387449  -0.0126785 -0.00353519
-0.00320511    0.998621   0.0523975     0.01009
   0.012864  -0.0523523    0.998546 -0.00716957
          0           0           0           1
v_world_imu: -0.00727626 -0.00114766    0.003636
frame_66
id: 66
stamp: 1772811544.778466225
T_odom_lidar: 
   0.999908  0.00424566  -0.0129135 -0.00386919
-0.00357418    0.998662    0.051584   0.0101745
  0.0131152  -0.0515331    0.998585 -0.00689991
          0           0           0           1
T_world_lidar: 
   0.999908  0.00424566  -0.0129135 -0.00386919
-0.00357418    0.998662    0.051584   0.0101745
  0.0131152  -0.0515331    0.998585 -0.00689991
          0           0           0           1
v_world_imu: -0.00454278  0.00256948 -0.00263094
frame_67
id: 67
stamp: 1772811544.878419161
T_odom_lidar: 
    0.99991  0.00391843  -0.0128186 -0.00431175
-0.00324244    0.998624    0.052338   0.0105355
   0.013006  -0.0522917    0.998547 -0.00706751
          0           0           0           1
T_world_lidar: 
    0.99991  0.00391843  -0.0128186 -0.00431175
-0.00324244    0.998624    0.052338   0.0105355
   0.013006  -0.0522917    0.998547 -0.00706751
          0           0           0           1
v_world_imu: -0.00397303  0.00213665 0.000634034
frame_68
id: 68
stamp: 1772811544.978433132
T_odom_lidar: 
    0.99991  0.00431837  -0.0127278 -0.00418609
 -0.0036591    0.998673   0.0513732   0.0106725
  0.0129328   -0.051322    0.998598 -0.00726857
          0           0           0           1
T_world_lidar: 
    0.99991  0.00431837  -0.0127278 -0.00418609
 -0.0036591    0.998673   0.0513732   0.0106725
  0.0129328   -0.051322    0.998598 -0.00726857
          0           0           0           1
v_world_imu:  0.00209146  0.00224922 -0.00113552
frame_69
id: 69
stamp: 1772811545.078525305
T_odom_lidar: 
   0.999904  0.00404976  -0.0132724 -0.00435812
-0.00335842    0.998657   0.0517031   0.0109184
   0.013464  -0.0516536    0.998574 -0.00694608
          0           0           0           1
T_world_lidar: 
   0.999904  0.00404976  -0.0132724 -0.00435812
-0.00335842    0.998657   0.0517031   0.0109184
   0.013464  -0.0516536    0.998574 -0.00694608
          0           0           0           1
v_world_imu: -0.00672576   0.0047053  0.00581759
frame_70
id: 70
stamp: 1772811545.178603172
T_odom_lidar: 
   0.999909  0.00388384  -0.0129444 -0.00444521
-0.00321801     0.99869   0.0510672   0.0108911
  0.0131258  -0.0510209    0.998611 -0.00701177
          0           0           0           1
T_world_lidar: 
   0.999909  0.00388384  -0.0129444 -0.00444521
-0.00321801     0.99869   0.0510672   0.0108911
  0.0131258  -0.0510209    0.998611 -0.00701177
          0           0           0           1
v_world_imu:  0.00015775 0.000273829 -0.00204582
frame_71
id: 71
stamp: 1772811545.278557301
T_odom_lidar: 
    0.99991  0.00430897  -0.0126668 -0.00451087
-0.00364988    0.998661    0.051603   0.0109532
  0.0128722  -0.0515522    0.998587 -0.00672451
          0           0           0           1
T_world_lidar: 
    0.99991  0.00430897  -0.0126668 -0.00451087
-0.00364988    0.998661    0.051603   0.0109532
  0.0128722  -0.0515522    0.998587 -0.00672451
          0           0           0           1
v_world_imu: -0.00368183  0.00299261  0.00506314
frame_72
id: 72
stamp: 1772811545.378563404
T_odom_lidar: 
   0.999908  0.00370686  -0.0130711 -0.00446541
-0.00302398    0.998649   0.0518816   0.0110668
  0.0132458  -0.0518373    0.998568 -0.00631217
          0           0           0           1
T_world_lidar: 
   0.999908  0.00370686  -0.0130711 -0.00446541
-0.00302398    0.998649   0.0518816   0.0110668
  0.0132458  -0.0518373    0.998568 -0.00631217
          0           0           0           1
v_world_imu: -0.000417239  -0.00141135   8.8194e-05
frame_73
id: 73
stamp: 1772811545.478549719
T_odom_lidar: 
   0.999913  0.00401873  -0.0125875 -0.00459605
-0.00336367     0.99866   0.0516365   0.0110417
  0.0127782  -0.0515896    0.998587 -0.00615773
          0           0           0           1
T_world_lidar: 
   0.999913  0.00401873  -0.0125875 -0.00459605
-0.00336367     0.99866   0.0516365   0.0110417
  0.0127782  -0.0515896    0.998587 -0.00615773
          0           0           0           1
v_world_imu: -0.00697312  0.00435219 -0.00241459
frame_74
id: 74
stamp: 1772811545.578464746
T_odom_lidar: 
   0.999914  0.00399333  -0.0125182 -0.00502129
-0.00333813    0.998645   0.0519307   0.0110652
  0.0127086  -0.0518844    0.998572 -0.00629495
          0           0           0           1
T_world_lidar: 
   0.999914  0.00399333  -0.0125182 -0.00502129
-0.00333813    0.998645   0.0519307   0.0110652
  0.0127086  -0.0518844    0.998572 -0.00629495
          0           0           0           1
v_world_imu: -0.00440333 -0.00174117 -0.00376746
frame_75
id: 75
stamp: 1772811545.678426504
T_odom_lidar: 
   0.999916  0.00404645    -0.01231 -0.00503448
-0.00341044     0.99868   0.0512557   0.0108858
  0.0125011  -0.0512094     0.99861 -0.00634334
          0           0           0           1
T_world_lidar: 
   0.999916  0.00404645    -0.01231 -0.00503448
-0.00341044     0.99868   0.0512557   0.0108858
  0.0125011  -0.0512094     0.99861 -0.00634334
          0           0           0           1
v_world_imu: -0.00130805  -0.0020389  0.00123288
frame_76
id: 76
stamp: 1772811545.778426647
T_odom_lidar: 
   0.999909  0.00403288  -0.0128539 -0.00516568
-0.00336042    0.998646   0.0519141   0.0109559
  0.0130458  -0.0518662    0.998569 -0.00644825
          0           0           0           1
T_world_lidar: 
   0.999909  0.00403288  -0.0128539 -0.00516568
-0.00336042    0.998646   0.0519141   0.0109559
  0.0130458  -0.0518662    0.998569 -0.00644825
          0           0           0           1
v_world_imu: -0.00202705  0.00523532  0.00288481
frame_77
id: 77
stamp: 1772811545.878376722
T_odom_lidar: 
   0.999912  0.00407601  -0.0126191 -0.00473437
 -0.0034183    0.998656   0.0517097   0.0110177
   0.012813   -0.051662    0.998582 -0.00662906
          0           0           0           1
T_world_lidar: 
   0.999912  0.00407601  -0.0126191 -0.00473437
 -0.0034183    0.998656   0.0517097   0.0110177
   0.012813   -0.051662    0.998582 -0.00662906
          0           0           0           1
v_world_imu:  0.00575935 -0.00115263 -0.00758488
frame_78
id: 78
stamp: 1772811545.978534222
T_odom_lidar: 
   0.999915  0.00393898  -0.0124229 -0.00446075
-0.00329022    0.998651   0.0518178   0.0108814
  0.0126102  -0.0517725    0.998579 -0.00693269
          0           0           0           1
T_world_lidar: 
   0.999915  0.00393898  -0.0124229 -0.00446075
-0.00329022    0.998651   0.0518178   0.0108814
  0.0126102  -0.0517725    0.998579 -0.00693269
          0           0           0           1
v_world_imu: -0.00175402  0.00323986 0.000598741
frame_79
id: 79
stamp: 1772811546.078428030
T_odom_lidar: 
   0.999909  0.00396548  -0.0129066 -0.00430639
-0.00329868    0.998679   0.0512813   0.0109755
  0.0130929   -0.051234    0.998601 -0.00720776
          0           0           0           1
T_world_lidar: 
   0.999909  0.00396548  -0.0129066 -0.00430639
-0.00329868    0.998679   0.0512813   0.0109755
  0.0130929   -0.051234    0.998601 -0.00720776
          0           0           0           1
v_world_imu: 0.00303898 0.00023537 0.00219232
frame_80
id: 80
stamp: 1772811546.178488731
T_odom_lidar: 
   0.999907  0.00405345  -0.0130145 -0.00398315
-0.00337666    0.998662   0.0516102   0.0110372
  0.0132063  -0.0515615    0.998582 -0.00680323
          0           0           0           1
T_world_lidar: 
   0.999907  0.00405345  -0.0130145 -0.00398315
-0.00337666    0.998662   0.0516102   0.0110372
  0.0132063  -0.0515615    0.998582 -0.00680323
          0           0           0           1
v_world_imu: -0.00354626  0.00488798 0.000533235
frame_81
id: 81
stamp: 1772811546.278577089
T_odom_lidar: 
   0.999903  0.00412807  -0.0132908 -0.00415692
-0.00343745    0.998663   0.0515727   0.0110894
  0.0134859  -0.0515221    0.998581 -0.00673424
          0           0           0           1
T_world_lidar: 
   0.999903  0.00412807  -0.0132908 -0.00415692
-0.00343745    0.998663   0.0515727   0.0110894
  0.0134859  -0.0515221    0.998581 -0.00673424
          0           0           0           1
v_world_imu:  0.00307875 -0.00253774 -0.00347502
frame_82
id: 82
stamp: 1772811546.378486156
T_odom_lidar: 
   0.999912  0.00420217  -0.0125737 -0.00389984
-0.00355112    0.998674   0.0513608   0.0106193
  0.0127729  -0.0513116    0.998601 -0.00674209
          0           0           0           1
T_world_lidar: 
   0.999912  0.00420217  -0.0125737 -0.00389984
-0.00355112    0.998674   0.0513608   0.0106193
  0.0127729  -0.0513116    0.998601 -0.00674209
          0           0           0           1
v_world_imu: -0.00626849 -0.00212561  0.00231291
frame_83
id: 83
stamp: 1772811546.478462934
T_odom_lidar: 
   0.999907  0.00363603  -0.0131601 -0.00418274
-0.00294333    0.998628   0.0522782   0.0107327
  0.0133321  -0.0522346    0.998546 -0.00656159
          0           0           0           1
T_world_lidar: 
   0.999907  0.00363603  -0.0131601 -0.00418274
-0.00294333    0.998628   0.0522782   0.0107327
  0.0133321  -0.0522346    0.998546 -0.00656159
          0           0           0           1
v_world_imu: -0.00152013  0.00202126 -0.00380867
frame_84
id: 84
stamp: 1772811546.578441381
T_odom_lidar: 
   0.999914  0.00397804   -0.012527 -0.00439749
-0.00333031    0.998677   0.0513092   0.0105154
  0.0127145  -0.0512631    0.998604 -0.00632759
          0           0           0           1
T_world_lidar: 
   0.999914  0.00397804   -0.012527 -0.00439749
-0.00333031    0.998677   0.0513092   0.0105154
  0.0127145  -0.0512631    0.998604 -0.00632759
          0           0           0           1
v_world_imu: -0.00486609 -0.00282103 0.000180281
frame_85
id: 85
stamp: 1772811546.678442478
T_odom_lidar: 
   0.999919  0.00368449  -0.0121911  -0.0047967
-0.00304387    0.998634    0.052156   0.0105476
  0.0123666  -0.0521147    0.998565 -0.00654627
          0           0           0           1
T_world_lidar: 
   0.999919  0.00368449  -0.0121911  -0.0047967
-0.00304387    0.998634    0.052156   0.0105476
  0.0123666  -0.0521147    0.998565 -0.00654627
          0           0           0           1
v_world_imu: -0.00850196  0.00153479 -7.9951e-05
frame_86
id: 86
stamp: 1772811546.778447151
T_odom_lidar: 
   0.999906  0.00409543  -0.0130518 -0.00468707
-0.00342049    0.998676   0.0513214   0.0103319
  0.0132447   -0.051272    0.998597 -0.00700398
          0           0           0           1
T_world_lidar: 
   0.999906  0.00409543  -0.0130518 -0.00468707
-0.00342049    0.998676   0.0513214   0.0103319
  0.0132447   -0.051272    0.998597 -0.00700398
          0           0           0           1
v_world_imu:    0.005036 -0.00515994 -0.00237004
frame_87
id: 87
stamp: 1772811546.878358364
T_odom_lidar: 
   0.999907  0.00413573  -0.0130086 -0.00440353
-0.00345178    0.998632   0.0521662  0.00999492
  0.0132066  -0.0521164    0.998554 -0.00700557
          0           0           0           1
T_world_lidar: 
   0.999907  0.00413573  -0.0130086 -0.00440353
-0.00345178    0.998632   0.0521662  0.00999492
  0.0132066  -0.0521164    0.998554 -0.00700557
          0           0           0           1
v_world_imu: -0.00269666  0.00216541  0.00166503
frame_88
id: 88
stamp: 1772811546.978468418
T_odom_lidar: 
   0.999902  0.00428901  -0.0133137 -0.00428132
-0.00359113     0.99864   0.0520065  0.00985639
  0.0135186  -0.0519536    0.998558 -0.00704958
          0           0           0           1
T_world_lidar: 
   0.999902  0.00428901  -0.0133137 -0.00428132
-0.00359113     0.99864   0.0520065  0.00985639
  0.0135186  -0.0519536    0.998558 -0.00704958
          0           0           0           1
v_world_imu:  0.00515733 -0.00147072 0.000192308
frame_89
id: 89
stamp: 1772811547.078438997
T_odom_lidar: 
   0.999908  0.00422896  -0.0128564 -0.00392531
-0.00356374    0.998675   0.0513319  0.00978356
  0.0130565  -0.0512814    0.998599 -0.00697757
          0           0           0           1
T_world_lidar: 
   0.999908  0.00422896  -0.0128564 -0.00392531
-0.00356374    0.998675   0.0513319  0.00978356
  0.0130565  -0.0512814    0.998599 -0.00697757
          0           0           0           1
v_world_imu: -0.00718282  0.00251564  0.00233054
frame_90
id: 90
stamp: 1772811547.178552628
T_odom_lidar: 
   0.999917  0.00363762  -0.0123984 -0.00437359
 -0.0029821    0.998617   0.0524865  0.00997835
  0.0125721  -0.0524452    0.998545 -0.00689354
          0           0           0           1
T_world_lidar: 
   0.999917  0.00363762  -0.0123984 -0.00437359
 -0.0029821    0.998617   0.0524865  0.00997835
  0.0125721  -0.0524452    0.998545 -0.00689354
          0           0           0           1
v_world_imu: -0.00334165  0.00206954 -0.00621954
frame_91
id: 91
stamp: 1772811547.278614998
T_odom_lidar: 
   0.999906  0.00393615  -0.0131616 -0.00458627
-0.00325621    0.998679   0.0512887  0.00973542
  0.0133461   -0.051241    0.998597 -0.00672221
          0           0           0           1
T_world_lidar: 
   0.999906  0.00393615  -0.0131616 -0.00458627
-0.00325621    0.998679   0.0512887  0.00973542
  0.0133461   -0.051241    0.998597 -0.00672221
          0           0           0           1
v_world_imu: -0.0109487 -0.0024912 0.00621776
frame_92
id: 92
stamp: 1772811547.378581047
T_odom_lidar: 
   0.999912  0.00378666  -0.0127333 -0.00515731
-0.00311758    0.998634   0.0521611  0.00999616
  0.0129134  -0.0521168    0.998558 -0.00639045
          0           0           0           1
T_world_lidar: 
   0.999912  0.00378666  -0.0127333 -0.00515731
-0.00311758    0.998634   0.0521611  0.00999616
  0.0129134  -0.0521168    0.998558 -0.00639045
          0           0           0           1
v_world_imu: -0.00257678  0.00320686 -0.00324561
frame_93
id: 93
stamp: 1772811547.478656292
T_odom_lidar: 
   0.999911  0.00394663  -0.0127284 -0.00477045
-0.00328567    0.998666   0.0515372   0.0101833
  0.0129148  -0.0514908     0.99859 -0.00665631
          0           0           0           1
T_world_lidar: 
   0.999911  0.00394663  -0.0127284 -0.00477045
-0.00328567    0.998666   0.0515372   0.0101833
  0.0129148  -0.0514908     0.99859 -0.00665631
          0           0           0           1
v_world_imu:  0.00437026  0.00107898 -0.00326975
frame_94
id: 94
stamp: 1772811547.578699589
T_odom_lidar: 
   0.999909   0.0041145  -0.0128826  -0.0044987
-0.00344477    0.998663   0.0515847   0.0105224
  0.0130776  -0.0515356    0.998586  -0.0074234
          0           0           0           1
T_world_lidar: 
   0.999909   0.0041145  -0.0128826  -0.0044987
-0.00344477    0.998663   0.0515847   0.0105224
  0.0130776  -0.0515356    0.998586  -0.0074234
          0           0           0           1
v_world_imu: -0.00548482  0.00589132 -0.00708397
frame_95
id: 95
stamp: 1772811547.678639889
T_odom_lidar: 
   0.999908  0.00413023  -0.0128875 -0.00478308
-0.00345629    0.998647   0.0518851   0.0107688
  0.0130843  -0.0518358     0.99857 -0.00756709
          0           0           0           1
T_world_lidar: 
   0.999908  0.00413023  -0.0128875 -0.00478308
-0.00345629    0.998647   0.0518851   0.0107688
  0.0130843  -0.0518358     0.99857 -0.00756709
          0           0           0           1
v_world_imu: -0.000467031   0.00224772   0.00372706
frame_96
id: 96
stamp: 1772811547.778590918
T_odom_lidar: 
   0.999912  0.00407831  -0.0126228 -0.00495715
-0.00342211    0.998663    0.051577    0.010783
  0.0128162  -0.0515292    0.998589 -0.00703933
          0           0           0           1
T_world_lidar: 
   0.999912  0.00407831  -0.0126228 -0.00495715
-0.00342211    0.998663    0.051577    0.010783
  0.0128162  -0.0515292    0.998589 -0.00703933
          0           0           0           1
v_world_imu: -0.00898898  0.00194147  0.00837764
frame_97
id: 97
stamp: 1772811547.878618956
T_odom_lidar: 
   0.999912  0.00389666  -0.0126876 -0.00530784
-0.00323335    0.998648    0.051887   0.0108035
  0.0128727  -0.0518414    0.998572 -0.00614083
          0           0           0           1
T_world_lidar: 
   0.999912  0.00389666  -0.0126876 -0.00530784
-0.00323335    0.998648    0.051887   0.0108035
  0.0128727  -0.0518414    0.998572 -0.00614083
          0           0           0           1
v_world_imu:  0.00404644 -0.00205842  0.00305392
frame_98
id: 98
stamp: 1772811547.978644371
T_odom_lidar: 
   0.999908  0.00381823  -0.0130258 -0.00492505
-0.00314549    0.998679   0.0512815   0.0104502
  0.0132044  -0.0512358    0.998599 -0.00619078
          0           0           0           1
T_world_lidar: 
   0.999908  0.00381823  -0.0130258 -0.00492505
-0.00314549    0.998679   0.0512815   0.0104502
  0.0132044  -0.0512358    0.998599 -0.00619078
          0           0           0           1
v_world_imu:  -0.0042804 0.000405498 0.000743151
frame_99
id: 99
stamp: 1772811548.078673363
T_odom_lidar: 
   0.999912  0.00415063  -0.0125844 -0.00480961
-0.00349142    0.998643   0.0519596   0.0104879
   0.012783  -0.0519111     0.99857 -0.00627905
          0           0           0           1
T_world_lidar: 
   0.999912  0.00415063  -0.0125844 -0.00480961
-0.00349142    0.998643   0.0519596   0.0104879
   0.012783  -0.0519111     0.99857 -0.00627905
          0           0           0           1
v_world_imu: 0.000586784  0.00285597 -0.00568062
frame_100
id: 100
stamp: 1772811548.178563118
T_odom_lidar: 
   0.999913  0.00408523  -0.0125097 -0.00448284
-0.00343689    0.998671   0.0514169   0.0107767
  0.0127032  -0.0513695    0.998599 -0.00679191
          0           0           0           1
T_world_lidar: 
   0.999913  0.00408523  -0.0125097 -0.00448284
-0.00343689    0.998671   0.0514169   0.0107767
  0.0127032  -0.0513695    0.998599 -0.00679191
          0           0           0           1
v_world_imu: 0.000476925 -0.00072244 -0.00501433
frame_101
id: 101
stamp: 1772811548.278524160
T_odom_lidar: 
   0.999903  0.00399546  -0.0133448 -0.00456549
-0.00330438    0.998672    0.051413   0.0108392
  0.0135325  -0.0513639    0.998588 -0.00733675
          0           0           0           1
T_world_lidar: 
   0.999903  0.00399546  -0.0133448 -0.00456549
-0.00330438    0.998672    0.051413   0.0108392
  0.0135325  -0.0513639    0.998588 -0.00733675
          0           0           0           1
v_world_imu:   -0.0047578   0.00560457 -0.000762185
frame_102
id: 102
stamp: 1772811548.378494263
T_odom_lidar: 
   0.999914  0.00426967  -0.0123886 -0.00444297
  -0.003613    0.998612   0.0525527   0.0109472
  0.0125958  -0.0525035    0.998541 -0.00708175
          0           0           0           1
T_world_lidar: 
   0.999914  0.00426967  -0.0123886 -0.00444297
  -0.003613    0.998612   0.0525527   0.0109472
  0.0125958  -0.0525035    0.998541 -0.00708175
          0           0           0           1
v_world_imu:  0.00347258 -0.00158274  0.00402065
frame_103
id: 103
stamp: 1772811548.478518963
T_odom_lidar: 
   0.999911  0.00391477  -0.0127768 -0.00436428
-0.00324921    0.998657   0.0517019   0.0105973
  0.0129621  -0.0516557    0.998581 -0.00620178
          0           0           0           1
T_world_lidar: 
   0.999911  0.00391477  -0.0127768 -0.00436428
-0.00324921    0.998657   0.0517019   0.0105973
  0.0129621  -0.0516557    0.998581 -0.00620178
          0           0           0           1
v_world_imu: -0.00467611 -0.00324351   0.0125946
frame_104
id: 104
stamp: 1772811548.578498602
T_odom_lidar: 
   0.999907  0.00370838  -0.0131041 -0.00440494
-0.00302155     0.99864   0.0520501    0.010393
  0.0132793  -0.0520057    0.998558 -0.00591819
          0           0           0           1
T_world_lidar: 
   0.999907  0.00370838  -0.0131041 -0.00440494
-0.00302155     0.99864   0.0520501    0.010393
  0.0132793  -0.0520057    0.998558 -0.00591819
          0           0           0           1
v_world_imu:  0.000209359 -0.000390407  -0.00315274
frame_105
id: 105
stamp: 1772811548.678493977
T_odom_lidar: 
   0.999913  0.00407881  -0.0125622 -0.00426288
-0.00341973    0.998639    0.052047   0.0102585
  0.0127574  -0.0519995    0.998566 -0.00617213
          0           0           0           1
T_world_lidar: 
   0.999913  0.00407881  -0.0125622 -0.00426288
-0.00341973    0.998639    0.052047   0.0102585
  0.0127574  -0.0519995    0.998566 -0.00617213
          0           0           0           1
v_world_imu: -0.00495615 -0.00041407 -0.00113338
frame_106
id: 106
stamp: 1772811548.778600216
T_odom_lidar: 
   0.999912   0.0037996  -0.0126965 -0.00413963
-0.00313343    0.998638    0.052083    0.010275
  0.0128771  -0.0520386    0.998562 -0.00649144
          0           0           0           1
T_world_lidar: 
   0.999912   0.0037996  -0.0126965 -0.00413963
-0.00313343    0.998638    0.052083    0.010275
  0.0128771  -0.0520386    0.998562 -0.00649144
          0           0           0           1
v_world_imu: -0.00108134 0.000828286 -0.00521076
frame_107
id: 107
stamp: 1772811548.878600836
T_odom_lidar: 
   0.999917  0.00381579  -0.0123353 -0.00396112
-0.00317126     0.99865   0.0518542  0.00999881
  0.0125165  -0.0518108    0.998578 -0.00699122
          0           0           0           1
T_world_lidar: 
   0.999917  0.00381579  -0.0123353 -0.00396112
-0.00317126     0.99865   0.0518542  0.00999881
  0.0125165  -0.0518108    0.998578 -0.00699122
          0           0           0           1
v_world_imu: -0.00110846 -0.00313909  -0.0032551
frame_108
id: 108
stamp: 1772811548.978520632
T_odom_lidar: 
   0.999911  0.00379545  -0.0128007 -0.00392502
-0.00312416    0.998639   0.0520599   0.0100733
  0.0129809  -0.0520153    0.998562 -0.00736419
          0           0           0           1
T_world_lidar: 
   0.999911  0.00379545  -0.0128007 -0.00392502
-0.00312416    0.998639   0.0520599   0.0100733
  0.0129809  -0.0520153    0.998562 -0.00736419
          0           0           0           1
v_world_imu: -0.00373952  0.00574427 0.000419955
frame_109
id: 109
stamp: 1772811549.078545570
T_odom_lidar: 
   0.999912  0.00402898   -0.012668 -0.00377275
-0.00337052    0.998663   0.0515761   0.0104641
  0.0128589  -0.0515289    0.998589 -0.00717829
          0           0           0           1
T_world_lidar: 
   0.999912  0.00402898   -0.012668 -0.00377275
-0.00337052    0.998663   0.0515761   0.0104641
  0.0128589  -0.0515289    0.998589 -0.00717829
          0           0           0           1
v_world_imu: 0.00337564 0.00218748 0.00231673
frame_110
id: 110
stamp: 1772811549.178488970
T_odom_lidar: 
   0.999912  0.00382132  -0.0126803 -0.00374226
-0.00316215    0.998663    0.051603   0.0103267
  0.0128605  -0.0515584    0.998587 -0.00634689
          0           0           0           1
T_world_lidar: 
   0.999912  0.00382132  -0.0126803 -0.00374226
-0.00316215    0.998663    0.051603   0.0103267
  0.0128605  -0.0515584    0.998587 -0.00634689
          0           0           0           1
v_world_imu:  -0.00356342 -2.77375e-06    0.0107808
frame_111
id: 111
stamp: 1772811549.278611898
T_odom_lidar: 
   0.999911  0.00382196  -0.0127998 -0.00359051
-0.00315215    0.998645   0.0519473    0.010476
   0.012981  -0.0519024    0.998568 -0.00615374
          0           0           0           1
T_world_lidar: 
   0.999911  0.00382196  -0.0127998 -0.00359051
-0.00315215    0.998645   0.0519473    0.010476
   0.012981  -0.0519024    0.998568 -0.00615374
          0           0           0           1
v_world_imu:  0.00307551  0.00242171 -0.00562515
frame_112
id: 112
stamp: 1772811549.378520012
T_odom_lidar: 
   0.999904  0.00377492  -0.0133302 -0.00349672
-0.00308611    0.998677   0.0513201   0.0102593
  0.0135063   -0.051274    0.998593 -0.00645854
          0           0           0           1
T_world_lidar: 
   0.999904  0.00377492  -0.0133302 -0.00349672
-0.00308611    0.998677   0.0513201   0.0102593
  0.0135063   -0.051274    0.998593 -0.00645854
          0           0           0           1
v_world_imu:  -0.00658287   -0.0014698 -0.000469378
frame_113
id: 113
stamp: 1772811549.478411436
T_odom_lidar: 
   0.999911  0.00358632  -0.0128682 -0.00371214
-0.00291083    0.998636   0.0521328  0.00996191
  0.0130376  -0.0520907    0.998557 -0.00673157
          0           0           0           1
T_world_lidar: 
   0.999911  0.00358632  -0.0128682 -0.00371214
-0.00291083    0.998636   0.0521328  0.00996191
  0.0130376  -0.0520907    0.998557 -0.00673157
          0           0           0           1
v_world_imu:   -0.0031537 -0.000381464  -0.00797725
frame_114
id: 114
stamp: 1772811549.578402042
T_odom_lidar: 
   0.999915  0.00400629  -0.0123976 -0.00398584
-0.00336217    0.998665   0.0515471   0.0100381
  0.0125876  -0.0515011    0.998594 -0.00670506
          0           0           0           1
T_world_lidar: 
   0.999915  0.00400629  -0.0123976 -0.00398584
-0.00336217    0.998665   0.0515471   0.0100381
  0.0125876  -0.0515011    0.998594 -0.00670506
          0           0           0           1
v_world_imu:  -0.00601052 -0.000253102   0.00380644
frame_115
id: 115
stamp: 1772811549.678393364
T_odom_lidar: 
   0.999911  0.00367564   -0.012861  -0.0046366
-0.00300486    0.998653   0.0517926    0.010144
  0.0130341  -0.0517493    0.998575 -0.00650726
          0           0           0           1
T_world_lidar: 
   0.999911  0.00367564   -0.012861  -0.0046366
-0.00300486    0.998653   0.0517926    0.010144
  0.0130341  -0.0517493    0.998575 -0.00650726
          0           0           0           1
v_world_imu: -0.0111101 0.00477958 0.00432224
frame_116
id: 116
stamp: 1772811549.778398514
T_odom_lidar: 
    0.99992  0.00390669  -0.0119949 -0.00483532
-0.00328238    0.998661   0.0516338   0.0105153
  0.0121805  -0.0515903    0.998594 -0.00642086
          0           0           0           1
T_world_lidar: 
    0.99992  0.00390669  -0.0119949 -0.00483532
-0.00328238    0.998661   0.0516338   0.0105153
  0.0121805  -0.0515903    0.998594 -0.00642086
          0           0           0           1
v_world_imu:   0.00278646   0.00377322 -0.000459654
frame_117
id: 117
stamp: 1772811549.878424883
T_odom_lidar: 
   0.999912  0.00407341   -0.012586 -0.00480182
-0.00341692    0.998654   0.0517484   0.0107892
  0.0127798  -0.0517009    0.998581 -0.00630865
          0           0           0           1
T_world_lidar: 
   0.999912  0.00407341   -0.012586 -0.00480182
-0.00341692    0.998654   0.0517484   0.0107892
  0.0127798  -0.0517009    0.998581 -0.00630865
          0           0           0           1
v_world_imu: -0.00331236  0.00260819  0.00706108
frame_118
id: 118
stamp: 1772811549.978456020
T_odom_lidar: 
   0.999911   0.0037787  -0.0128085 -0.00477477
-0.00311472     0.99867   0.0514682   0.0106612
   0.012986  -0.0514237    0.998592 -0.00629191
          0           0           0           1
T_world_lidar: 
   0.999911   0.0037787  -0.0128085 -0.00477477
-0.00311472     0.99867   0.0514682   0.0106612
   0.012986  -0.0514237    0.998592 -0.00629191
          0           0           0           1
v_world_imu:   0.00164721  -0.00149751 -0.000513491
frame_119
id: 119
stamp: 1772811550.078442574
T_odom_lidar: 
   0.999907  0.00379739  -0.0131292  -0.0046938
-0.00311771    0.998673   0.0514073   0.0103537
   0.013307  -0.0513615    0.998591 -0.00612242
          0           0           0           1
T_world_lidar: 
   0.999907  0.00379739  -0.0131292  -0.0046938
-0.00311771    0.998673   0.0514073   0.0103537
   0.013307  -0.0513615    0.998591 -0.00612242
          0           0           0           1
v_world_imu:  -0.00628817 -6.81115e-05   0.00412533
frame_120
id: 120
stamp: 1772811550.178632736
T_odom_lidar: 
   0.999907    0.003813  -0.0130911 -0.00494399
-0.00312909    0.998649   0.0518716   0.0102127
  0.0132712  -0.0518258    0.998568 -0.00608967
          0           0           0           1
T_world_lidar: 
   0.999907    0.003813  -0.0130911 -0.00494399
-0.00312909    0.998649   0.0518716   0.0102127
  0.0132712  -0.0518258    0.998568 -0.00608967
          0           0           0           1
v_world_imu:  0.00173915 0.000742687 -0.00468676
frame_121
id: 121
stamp: 1772811550.278458595
T_odom_lidar: 
   0.999914  0.00393934  -0.0125341 -0.00458295
-0.00328948     0.99867   0.0514522   0.0103989
  0.0127201  -0.0514065    0.998597 -0.00626803
          0           0           0           1
T_world_lidar: 
   0.999914  0.00393934  -0.0125341 -0.00458295
-0.00328948     0.99867   0.0514522   0.0103989
  0.0127201  -0.0514065    0.998597 -0.00626803
          0           0           0           1
v_world_imu: -0.00362066  0.00261732  0.00159514
frame_122
id: 122
stamp: 1772811550.378417969
T_odom_lidar: 
   0.999914   0.0040562  -0.0124749 -0.00434065
-0.00340839    0.998666   0.0515188   0.0105499
  0.0126672  -0.0514718    0.998594 -0.00664472
          0           0           0           1
T_world_lidar: 
   0.999914   0.0040562  -0.0124749 -0.00434065
-0.00340839    0.998666   0.0515188   0.0105499
  0.0126672  -0.0514718    0.998594 -0.00664472
          0           0           0           1
v_world_imu: 0.00130028 0.00178023 -0.0113596
frame_123
id: 123
stamp: 1772811550.478494167
T_odom_lidar: 
    0.99991  0.00420237  -0.0127414 -0.00428704
-0.00353545    0.998645   0.0519211   0.0104911
  0.0129423  -0.0518714     0.99857 -0.00682942
          0           0           0           1
T_world_lidar: 
    0.99991  0.00420237  -0.0127414 -0.00428704
-0.00353545    0.998645   0.0519211   0.0104911
  0.0129423  -0.0518714     0.99857 -0.00682942
          0           0           0           1
v_world_imu:  -0.00412372   -0.0010196 -0.000153771
frame_124
id: 124
stamp: 1772811550.578600407
T_odom_lidar: 
   0.999909  0.00429529  -0.0128072 -0.00462465
-0.00362553    0.998647   0.0518685   0.0105244
  0.0130126  -0.0518173    0.998572 -0.00702183
          0           0           0           1
T_world_lidar: 
   0.999909  0.00429529  -0.0128072 -0.00462465
-0.00362553    0.998647   0.0518685   0.0105244
  0.0130126  -0.0518173    0.998572 -0.00702183
          0           0           0           1
v_world_imu: -0.00893563  0.00190311  0.00351165
frame_125
id: 125
stamp: 1772811550.678405762
T_odom_lidar: 
   0.999909  0.00409685  -0.0128345 -0.00470984
-0.00342294    0.998636   0.0520966   0.0107328
  0.0130304  -0.0520479     0.99856 -0.00699921
          0           0           0           1
T_world_lidar: 
   0.999909  0.00409685  -0.0128345 -0.00470984
-0.00342294    0.998636   0.0520966   0.0107328
  0.0130304  -0.0520479     0.99856 -0.00699921
          0           0           0           1
v_world_imu:   0.001996 0.00068877 0.00242945
frame_126
id: 126
stamp: 1772811550.778511524
T_odom_lidar: 
    0.99991  0.00413056   -0.012745  -0.0047993
-0.00346458    0.998649   0.0518409   0.0107667
   0.012942  -0.0517921    0.998574 -0.00695738
          0           0           0           1
T_world_lidar: 
    0.99991  0.00413056   -0.012745  -0.0047993
-0.00346458    0.998649   0.0518409   0.0107667
   0.012942  -0.0517921    0.998574 -0.00695738
          0           0           0           1
v_world_imu: -0.00628866  0.00272845  0.00153847
frame_127
id: 127
stamp: 1772811550.878298044
T_odom_lidar: 
   0.999911  0.00406312  -0.0126938 -0.00507442
-0.00339876    0.998645    0.051927   0.0105936
  0.0128875  -0.0518792     0.99857 -0.00701626
          0           0           0           1
T_world_lidar: 
   0.999911  0.00406312  -0.0126938 -0.00507442
-0.00339876    0.998645    0.051927   0.0105936
  0.0128875  -0.0518792     0.99857 -0.00701626
          0           0           0           1
v_world_imu:   0.00138232 -0.000689178  0.000713833
frame_128
id: 128
stamp: 1772811550.978358269
T_odom_lidar: 
   0.999915  0.00423216   -0.012372 -0.00492413
-0.00359177    0.998675    0.051333    0.010689
  0.0125729  -0.0512842    0.998605 -0.00653897
          0           0           0           1
T_world_lidar: 
   0.999915  0.00423216   -0.012372 -0.00492413
-0.00359177    0.998675    0.051333    0.010689
  0.0125729  -0.0512842    0.998605 -0.00653897
          0           0           0           1
v_world_imu: -0.00539156   0.0070313  0.00558011
frame_129
id: 129
stamp: 1772811551.078358412
T_odom_lidar: 
   0.999912  0.00400397  -0.0126754 -0.00485622
-0.00334643    0.998669    0.051478   0.0113437
  0.0128647  -0.0514311    0.998594 -0.00649441
          0           0           0           1
T_world_lidar: 
   0.999912  0.00400397  -0.0126754 -0.00485622
-0.00334643    0.998669    0.051478   0.0113437
  0.0128647  -0.0514311    0.998594 -0.00649441
          0           0           0           1
v_world_imu: 0.000846607  0.00432167 -0.00722236
frame_130
id: 130
stamp: 1772811551.178489447
T_odom_lidar: 
   0.999913  0.00412336  -0.0124938 -0.00481329
-0.00347575    0.998671   0.0514201   0.0111727
  0.0126893  -0.0513722    0.998599 -0.00661401
          0           0           0           1
T_world_lidar: 
   0.999913  0.00412336  -0.0124938 -0.00481329
-0.00347575    0.998671   0.0514201   0.0111727
  0.0126893  -0.0513722    0.998599 -0.00661401
          0           0           0           1
v_world_imu: -0.00109062 -0.00215809  -0.0029494
frame_131
id: 131
stamp: 1772811551.278604031
T_odom_lidar: 
    0.99991  0.00405074  -0.0127684 -0.00490626
-0.00338511    0.998655   0.0517283   0.0111008
  0.0129608  -0.0516804     0.99858 -0.00686258
          0           0           0           1
T_world_lidar: 
    0.99991  0.00405074  -0.0127684 -0.00490626
-0.00338511    0.998655   0.0517283   0.0111008
  0.0129608  -0.0516804     0.99858 -0.00686258
          0           0           0           1
v_world_imu: -0.0018813 0.00262593  0.0049297
frame_132
id: 132
stamp: 1772811551.378387451
T_odom_lidar: 
   0.999914  0.00412462  -0.0124555 -0.00444406
-0.00347561    0.998657   0.0516858   0.0112194
   0.012652  -0.0516381    0.998586 -0.00679018
          0           0           0           1
T_world_lidar: 
   0.999914  0.00412462  -0.0124555 -0.00444406
-0.00347561    0.998657   0.0516858   0.0112194
   0.012652  -0.0516381    0.998586 -0.00679018
          0           0           0           1
v_world_imu:  0.00593353 -0.00341908  0.00279968
frame_133
id: 133
stamp: 1772811551.478489637
T_odom_lidar: 
   0.999912  0.00429162  -0.0125899 -0.00426159
-0.00363971    0.998674   0.0513539   0.0108642
  0.0127936  -0.0513035    0.998601 -0.00684172
          0           0           0           1
T_world_lidar: 
   0.999912  0.00429162  -0.0125899 -0.00426159
-0.00363971    0.998674   0.0513539   0.0108642
  0.0127936  -0.0513035    0.998601 -0.00684172
          0           0           0           1
v_world_imu: -0.00332689 0.000266295 0.000420909
frame_134
id: 134
stamp: 1772811551.578525305
T_odom_lidar: 
   0.999914  0.00402778  -0.0124764 -0.00413463
-0.00337248    0.998636   0.0521058   0.0105335
  0.0126693  -0.0520592    0.998564 -0.00681159
          0           0           0           1
T_world_lidar: 
   0.999914  0.00402778  -0.0124764 -0.00413463
-0.00337248    0.998636   0.0521058   0.0105335
  0.0126693  -0.0520592    0.998564 -0.00681159
          0           0           0           1
v_world_imu:    0.0033812  -0.00392026 -0.000697728
frame_135
id: 135
stamp: 1772811551.678544760
T_odom_lidar: 
   0.999913  0.00367233  -0.0126529 -0.00400088
-0.00301698    0.998672     0.05143   0.0102281
   0.012825  -0.0513873    0.998596 -0.00647064
          0           0           0           1
T_world_lidar: 
   0.999913  0.00367233  -0.0126529 -0.00400088
-0.00301698    0.998672     0.05143   0.0102281
   0.012825  -0.0513873    0.998596 -0.00647064
          0           0           0           1
v_world_imu: -0.00903593  0.00132173  0.00317968
frame_136
id: 136
stamp: 1772811551.778469086
T_odom_lidar: 
    0.99991  0.00384449   -0.012817 -0.00456768
-0.00317757     0.99866   0.0516543   0.0104774
  0.0129984  -0.0516089    0.998583 -0.00654436
          0           0           0           1
T_world_lidar: 
    0.99991  0.00384449   -0.012817 -0.00456768
-0.00317757     0.99866   0.0516543   0.0104774
  0.0129984  -0.0516089    0.998583 -0.00654436
          0           0           0           1
v_world_imu: -0.00376973  0.00568884 -0.00413753
frame_137
id: 137
stamp: 1772811551.878495455
T_odom_lidar: 
   0.999914  0.00377753  -0.0125204 -0.00468383
-0.00312833     0.99867   0.0514715   0.0106666
  0.0126981  -0.0514279    0.998596 -0.00644379
          0           0           0           1
T_world_lidar: 
   0.999914  0.00377753  -0.0125204 -0.00468383
-0.00312833     0.99867   0.0514715   0.0106666
  0.0126981  -0.0514279    0.998596 -0.00644379
          0           0           0           1
v_world_imu:  -0.00673892   0.00110201 -0.000281042
frame_138
id: 138
stamp: 1772811551.978413820
T_odom_lidar: 
   0.999916  0.00390901   -0.012329 -0.00499899
-0.00326618    0.998655   0.0517358   0.0109042
  0.0125146  -0.0516912    0.998585 -0.00688294
          0           0           0           1
T_world_lidar: 
   0.999916  0.00390901   -0.012329 -0.00499899
-0.00326618    0.998655   0.0517358   0.0109042
  0.0125146  -0.0516912    0.998585 -0.00688294
          0           0           0           1
v_world_imu: -0.00457029   0.0026756 -0.00309871
frame_139
id: 139
stamp: 1772811552.078639507
T_odom_lidar: 
   0.999915  0.00423393  -0.0123409 -0.00478163
-0.00358587    0.998637   0.0520703   0.0109082
  0.0125446  -0.0520216    0.998567 -0.00659704
          0           0           0           1
T_world_lidar: 
   0.999915  0.00423393  -0.0123409 -0.00478163
-0.00358587    0.998637   0.0520703   0.0109082
  0.0125446  -0.0520216    0.998567 -0.00659704
          0           0           0           1
v_world_imu:  0.00386497 -0.00338061  0.00102857
frame_140
id: 140
stamp: 1772811552.178366899
T_odom_lidar: 
   0.999914   0.0035413  -0.0126154 -0.00467119
-0.00288298    0.998652   0.0518249   0.0109416
   0.012782  -0.0517841    0.998577 -0.00722574
          0           0           0           1
T_world_lidar: 
   0.999914   0.0035413  -0.0126154 -0.00467119
-0.00288298    0.998652   0.0518249   0.0109416
   0.012782  -0.0517841    0.998577 -0.00722574
          0           0           0           1
v_world_imu: -0.00380128  0.00423015 -0.00649587
frame_141
id: 141
stamp: 1772811552.278470039
T_odom_lidar: 
   0.999907  0.00391519  -0.0130796 -0.00463367
-0.00324011    0.998681   0.0512415   0.0109235
   0.013263  -0.0511943    0.998601 -0.00756358
          0           0           0           1
T_world_lidar: 
   0.999907  0.00391519  -0.0130796 -0.00463367
-0.00324011    0.998681   0.0512415   0.0109235
   0.013263  -0.0511943    0.998601 -0.00756358
          0           0           0           1
v_world_imu: 0.00142504 -0.0012365 0.00171907
frame_142
id: 142
stamp: 1772811552.378482580
T_odom_lidar: 
   0.999911  0.00400499  -0.0127364 -0.00478578
-0.00333954     0.99865   0.0518461   0.0108324
  0.0129268   -0.051799    0.998574  -0.0065663
          0           0           0           1
T_world_lidar: 
   0.999911  0.00400499  -0.0127364 -0.00478578
-0.00333954     0.99865   0.0518461   0.0108324
  0.0129268   -0.051799    0.998574  -0.0065663
          0           0           0           1
v_world_imu: -0.00827457  0.00203467    0.013027
frame_143
id: 143
stamp: 1772811552.478611231
T_odom_lidar: 
   0.999911  0.00406828  -0.0127406 -0.00518849
-0.00341034     0.99868   0.0512437    0.010807
  0.0129323  -0.0511957    0.998605 -0.00639812
          0           0           0           1
T_world_lidar: 
   0.999911  0.00406828  -0.0127406 -0.00518849
-0.00341034     0.99868   0.0512437    0.010807
  0.0129323  -0.0511957    0.998605 -0.00639812
          0           0           0           1
v_world_imu:  0.000230532 -0.000603615  -0.00658328
frame_144
id: 144
stamp: 1772811552.578707457
T_odom_lidar: 
   0.999913  0.00408015  -0.0125813 -0.00473923
-0.00342851    0.998673   0.0513874   0.0106653
  0.0127743  -0.0513398      0.9986 -0.00677669
          0           0           0           1
T_world_lidar: 
   0.999913  0.00408015  -0.0125813 -0.00473923
-0.00342851    0.998673   0.0513874   0.0106653
  0.0127743  -0.0513398      0.9986 -0.00677669
          0           0           0           1
v_world_imu: -0.00413261 -0.00161502 -0.00122398
frame_145
id: 145
stamp: 1772811552.678637743
T_odom_lidar: 
   0.999911  0.00410946  -0.0127261 -0.00509581
-0.00344621    0.998656   0.0517073   0.0107506
  0.0129215  -0.0516588    0.998581 -0.00675444
          0           0           0           1
T_world_lidar: 
   0.999911  0.00410946  -0.0127261 -0.00509581
-0.00344621    0.998656   0.0517073   0.0107506
  0.0129215  -0.0516588    0.998581 -0.00675444
          0           0           0           1
v_world_imu: -0.00573023   0.0026152 -0.00183415
frame_146
id: 146
stamp: 1772811552.778722525
T_odom_lidar: 
   0.999916  0.00401173   -0.012292 -0.00488814
-0.00337104    0.998657   0.0517071   0.0108435
  0.0124829  -0.0516614    0.998587 -0.00678658
          0           0           0           1
T_world_lidar: 
   0.999916  0.00401173   -0.012292 -0.00488814
-0.00337104    0.998657   0.0517071   0.0108435
  0.0124829  -0.0516614    0.998587 -0.00678658
          0           0           0           1
v_world_imu:   0.0046097 -0.00132704 -0.00129546
frame_147
id: 147
stamp: 1772811552.878700495
T_odom_lidar: 
   0.999914  0.00413416  -0.0124551 -0.00471964
-0.00348887    0.998672   0.0513922   0.0109705
   0.012651  -0.0513444    0.998601 -0.00716227
          0           0           0           1
T_world_lidar: 
   0.999914  0.00413416  -0.0124551 -0.00471964
-0.00348887    0.998672   0.0513922   0.0109705
   0.012651  -0.0513444    0.998601 -0.00716227
          0           0           0           1
v_world_imu:  -0.00398557   0.00701353 -0.000281929
frame_148
id: 148
stamp: 1772811552.978760958
T_odom_lidar: 
    0.99991  0.00402438  -0.0127717 -0.00420398
-0.00336015    0.998662   0.0516105   0.0113032
  0.0129623   -0.051563    0.998586 -0.00707769
          0           0           0           1
T_world_lidar: 
    0.99991  0.00402438  -0.0127717 -0.00420398
-0.00336015    0.998662   0.0516105   0.0113032
  0.0129623   -0.051563    0.998586 -0.00707769
          0           0           0           1
v_world_imu:  0.00868511 -0.00107837 -0.00079464
frame_149
id: 149
stamp: 1772811553.078868628
T_odom_lidar: 
   0.999915  0.00406156  -0.0123897 -0.00414671
-0.00341217    0.998642   0.0519919   0.0108408
   0.012584  -0.0519453    0.998571  -0.0067999
          0           0           0           1
T_world_lidar: 
   0.999915  0.00406156  -0.0123897 -0.00414671
-0.00341217    0.998642   0.0519919   0.0108408
   0.012584  -0.0519453    0.998571  -0.0067999
          0           0           0           1
v_world_imu:  -0.0076543 -0.00230978   0.0108012
frame_150
id: 150
stamp: 1772811553.178838730
T_odom_lidar: 
   0.999913  0.00399165   -0.012535 -0.00432175
-0.00333236    0.998632   0.0521833   0.0107182
  0.0127261   -0.052137    0.998559 -0.00658327
          0           0           0           1
T_world_lidar: 
   0.999913  0.00399165   -0.012535 -0.00432175
-0.00333236    0.998632   0.0521833   0.0107182
  0.0127261   -0.052137    0.998559 -0.00658327
          0           0           0           1
v_world_imu:  0.00284702 -0.00174864 -0.00332781
frame_151
id: 151
stamp: 1772811553.278969526
T_odom_lidar: 
   0.999914   0.0038214  -0.0125599 -0.00408659
-0.00317142    0.998675   0.0513684   0.0104638
  0.0127396  -0.0513241    0.998601 -0.00654561
          0           0           0           1
T_world_lidar: 
   0.999914   0.0038214  -0.0125599 -0.00408659
-0.00317142    0.998675   0.0513684   0.0104638
  0.0127396  -0.0513241    0.998601 -0.00654561
          0           0           0           1
v_world_imu: -0.00661084  0.00276338  0.00124758
frame_152
id: 152
stamp: 1772811553.378895283
T_odom_lidar: 
   0.999913  0.00401329   -0.012535 -0.00430563
-0.00336118    0.998661    0.051618   0.0106439
  0.0127253  -0.0515714    0.998588  -0.0064386
          0           0           0           1
T_world_lidar: 
   0.999913  0.00401329   -0.012535 -0.00430563
-0.00336118    0.998661    0.051618   0.0106439
  0.0127253  -0.0515714    0.998588  -0.0064386
          0           0           0           1
v_world_imu: -0.00161995  0.00135197  -0.0027931
frame_153
id: 153
stamp: 1772811553.478801489
T_odom_lidar: 
   0.999908  0.00417673  -0.0129051 -0.00432876
-0.00350444    0.998657    0.051685    0.010642
  0.0131037   -0.051635     0.99858 -0.00624296
          0           0           0           1
T_world_lidar: 
   0.999908  0.00417673  -0.0129051 -0.00432876
-0.00350444    0.998657    0.051685    0.010642
  0.0131037   -0.051635     0.99858 -0.00624296
          0           0           0           1
v_world_imu: -0.00499958  -0.0023468  0.00200174
frame_154
id: 154
stamp: 1772811553.578850508
T_odom_lidar: 
   0.999916  0.00405263   -0.012345 -0.00470417
-0.00340366    0.998634   0.0521446    0.010442
  0.0125394  -0.0520982    0.998563 -0.00646936
          0           0           0           1
T_world_lidar: 
   0.999916  0.00405263   -0.012345 -0.00470417
-0.00340366    0.998634   0.0521446    0.010442
  0.0125394  -0.0520982    0.998563 -0.00646936
          0           0           0           1
v_world_imu:  -0.0072316  0.00475075 -0.00347512
frame_155
id: 155
stamp: 1772811553.678767920
T_odom_lidar: 
   0.999909  0.00423864  -0.0128163 -0.00418623
-0.00356704    0.998642   0.0519784   0.0104751
  0.0130192   -0.051928    0.998566 -0.00650779
          0           0           0           1
T_world_lidar: 
   0.999909  0.00423864  -0.0128163 -0.00418623
-0.00356704    0.998642   0.0519784   0.0104751
  0.0130192   -0.051928    0.998566 -0.00650779
          0           0           0           1
v_world_imu:  0.00771052 -0.00201413 -0.00431462
